-inf 0
-1 1.13578
-0.69897 -0.9713
-0.522879 0.954718
-0.39794 -0.873004
-0.30103 0.753006
-0.221849 -0.602341
-0.154902 0.442908
-0.09691 -0.297252
-0.0457575 0.181252
-4.82164e-17 -0.100139
0.0413927 0.0500695
0.0791812 -0.0226559
0.113943 0.0092852
0.146128 -0.00345175
0.176091 0.00116613
0.20412 -0.000358809
0.230449 0.000100789
0.255273 -2.59098e-05
0.278754 6.1108e-06
0.30103 -1.32555e-06
0.322219 2.65111e-07
0.342423 -4.90038e-08
0.361728 8.39107e-09
0.380211 -1.33403e-09
0.39794 1.97342e-10
0.414973 -2.72196e-11
0.431364 3.50764e-12
0.447158 -4.23106e-13
0.462398 4.79616e-14
