-inf 0
-0.60206 4.00708
-0.30103 -15.4117
-0.124939 53.9412
0 -167.218
0.09691 459.849
0.176091 -1138.41
0.243038 2583.3
0.30103 -5464.68
0.352183 10929.4
0.39794 -20901
0.439333 38558.8
0.477121 -69096.2
0.511883 120918
0.544068 -207522
0.574031 350438
0.60206 -583821
0.628389 961587
0.653213 -1.56849e+06
0.676694 2.53726e+06
0.69897 -4.0751e+06
0.720159 6.50449e+06
0.740363 -1.03261e+07
0.759668 1.63152e+07
0.778151 -2.56702e+07
0.79588 4.02398e+07
0.812913 -6.28707e+07
0.829304 9.79402e+07
0.845098 -1.52169e+08
0.860338 2.35862e+08
