-inf 0
-1 0.135784
-0.69897 0.0187989
-0.522879 0.00269983
-0.39794 0.000407665
-0.30103 6.53028e-05
-0.221849 1.11486e-05
-0.154902 2.03044e-06
-0.09691 3.93805e-07
-0.0457575 8.10539e-08
-4.82164e-17 1.76244e-08
0.0413927 4.02874e-09
0.0791812 9.63373e-10
0.113943 2.3985e-10
0.146128 6.1902e-11
0.176091 1.64955e-11
0.20412 4.52238e-12
0.230449 1.27165e-12
0.255273 3.65707e-13
0.278754 1.07248e-13
0.30103 3.20854e-14
0.322219 9.76996e-15
0.342423 2.9976e-15
0.361728 8.88178e-16
0.380211 3.33067e-16
0.39794 1.11022e-16
0.414973 0
0.431364 0
0.447158 0
0.462398 0
