-inf 0
-1 -0.198653
-0.69897 -0.0941279
-0.522879 -0.0360078
-0.39794 -0.0131167
-0.30103 -0.00476482
-0.221849 -0.0017547
-0.154902 -0.000659055
-0.09691 -0.000252919
-0.0457575 -9.91606e-05
-4.82164e-17 -3.96791e-05
0.0413927 -1.61823e-05
0.0791812 -6.71579e-06
0.113943 -2.83175e-06
0.146128 -1.21131e-06
0.176091 -5.24911e-07
0.20412 -2.30136e-07
0.230449 -1.01963e-07
0.255273 -4.56039e-08
0.278754 -2.05709e-08
0.30103 -9.35043e-09
0.322219 -4.27968e-09
0.342423 -1.97109e-09
0.361728 -9.1297e-10
0.380211 -4.25047e-10
0.39794 -1.98812e-10
0.414973 -9.33891e-11
0.431364 -4.40383e-11
0.447158 -2.08404e-11
0.462398 -9.89431e-12
