0.212752 -30
0.212752 -29.99
0.212752 -29.98
0.212752 -29.97
0.212752 -29.96
0.212752 -29.95
0.212752 -29.94
0.212752 -29.93
0.212752 -29.92
0.212752 -29.91
0.212752 -29.9
0.212752 -29.89
0.212752 -29.88
0.212752 -29.87
0.212752 -29.86
0.212752 -29.85
0.212752 -29.84
0.212752 -29.83
0.212752 -29.82
0.212752 -29.81
0.212752 -29.8
0.212752 -29.79
0.212752 -29.78
0.212752 -29.77
0.212752 -29.76
0.212752 -29.75
0.212752 -29.74
0.212752 -29.73
0.212752 -29.72
0.212752 -29.71
0.212752 -29.7
0.212752 -29.69
0.212752 -29.68
0.212752 -29.67
0.212752 -29.66
0.212752 -29.65
0.212752 -29.64
0.212752 -29.63
0.212752 -29.62
0.212752 -29.61
0.212752 -29.6
0.212752 -29.59
0.212752 -29.58
0.212752 -29.57
0.212752 -29.56
0.212752 -29.55
0.212752 -29.54
0.212752 -29.53
0.212752 -29.52
0.212752 -29.51
0.212752 -29.5
0.212752 -29.49
0.212752 -29.48
0.212752 -29.47
0.212752 -29.46
0.212752 -29.45
0.212752 -29.44
0.212752 -29.43
0.212752 -29.42
0.212752 -29.41
0.212752 -29.4
0.212752 -29.39
0.212752 -29.38
0.212752 -29.37
0.212752 -29.36
0.212752 -29.35
0.212752 -29.34
0.212752 -29.33
0.212752 -29.32
0.212752 -29.31
0.212752 -29.3
0.212752 -29.29
0.212752 -29.28
0.212752 -29.27
0.212752 -29.26
0.212752 -29.25
0.212752 -29.24
0.212752 -29.23
0.212752 -29.22
0.212752 -29.21
0.212752 -29.2
0.212752 -29.19
0.212752 -29.18
0.212752 -29.17
0.212752 -29.16
0.212752 -29.15
0.212752 -29.14
0.212752 -29.13
0.212752 -29.12
0.212752 -29.11
0.212752 -29.1
0.212752 -29.09
0.212752 -29.08
0.212752 -29.07
0.212752 -29.06
0.212752 -29.05
0.212752 -29.04
0.212752 -29.03
0.212752 -29.02
0.212752 -29.01
0.212752 -29
0.212752 -28.99
0.212752 -28.98
0.212752 -28.97
0.212752 -28.96
0.212752 -28.95
0.212752 -28.94
0.212752 -28.93
0.212752 -28.92
0.212752 -28.91
0.212752 -28.9
0.212752 -28.89
0.212752 -28.88
0.212752 -28.87
0.212752 -28.86
0.212752 -28.85
0.212752 -28.84
0.212752 -28.83
0.212752 -28.82
0.212752 -28.81
0.212752 -28.8
0.212752 -28.79
0.212752 -28.78
0.212752 -28.77
0.212752 -28.76
0.212752 -28.75
0.212752 -28.74
0.212752 -28.73
0.212752 -28.72
0.212752 -28.71
0.212752 -28.7
0.212752 -28.69
0.212752 -28.68
0.212752 -28.67
0.212752 -28.66
0.212752 -28.65
0.212752 -28.64
0.212752 -28.63
0.212752 -28.62
0.212752 -28.61
0.212752 -28.6
0.212752 -28.59
0.212752 -28.58
0.212752 -28.57
0.212752 -28.56
0.212752 -28.55
0.212752 -28.54
0.212752 -28.53
0.212752 -28.52
0.212752 -28.51
0.212752 -28.5
0.212752 -28.49
0.212752 -28.48
0.212752 -28.47
0.212752 -28.46
0.212752 -28.45
0.212752 -28.44
0.212752 -28.43
0.212752 -28.42
0.212752 -28.41
0.212752 -28.4
0.212752 -28.39
0.212752 -28.38
0.212752 -28.37
0.212752 -28.36
0.212752 -28.35
0.212752 -28.34
0.212752 -28.33
0.212752 -28.32
0.212752 -28.31
0.212752 -28.3
0.212752 -28.29
0.212752 -28.28
0.212752 -28.27
0.212752 -28.26
0.212752 -28.25
0.212752 -28.24
0.212752 -28.23
0.212752 -28.22
0.212752 -28.21
0.212752 -28.2
0.212752 -28.19
0.212752 -28.18
0.212752 -28.17
0.212752 -28.16
0.212752 -28.15
0.212752 -28.14
0.212752 -28.13
0.212752 -28.12
0.212752 -28.11
0.212752 -28.1
0.212752 -28.09
0.212752 -28.08
0.212752 -28.07
0.212752 -28.06
0.212752 -28.05
0.212752 -28.04
0.212752 -28.03
0.212752 -28.02
0.212752 -28.01
0.212752 -28
0.212752 -27.99
0.212752 -27.98
0.212752 -27.97
0.212752 -27.96
0.212752 -27.95
0.212752 -27.94
0.212752 -27.93
0.212752 -27.92
0.212752 -27.91
0.212752 -27.9
0.212752 -27.89
0.212752 -27.88
0.212752 -27.87
0.212752 -27.86
0.212752 -27.85
0.212752 -27.84
0.212752 -27.83
0.212752 -27.82
0.212752 -27.81
0.212752 -27.8
0.212752 -27.79
0.212752 -27.78
0.212752 -27.77
0.212752 -27.76
0.212752 -27.75
0.212752 -27.74
0.212752 -27.73
0.212752 -27.72
0.212752 -27.71
0.212752 -27.7
0.212752 -27.69
0.212752 -27.68
0.212752 -27.67
0.212752 -27.66
0.212752 -27.65
0.212752 -27.64
0.212752 -27.63
0.212752 -27.62
0.212752 -27.61
0.212752 -27.6
0.212752 -27.59
0.212752 -27.58
0.212752 -27.57
0.212752 -27.56
0.212752 -27.55
0.212752 -27.54
0.212752 -27.53
0.212752 -27.52
0.212752 -27.51
0.212752 -27.5
0.212752 -27.49
0.212752 -27.48
0.212752 -27.47
0.212752 -27.46
0.212752 -27.45
0.212752 -27.44
0.212752 -27.43
0.212752 -27.42
0.212752 -27.41
0.212752 -27.4
0.212752 -27.39
0.212752 -27.38
0.212752 -27.37
0.212752 -27.36
0.212752 -27.35
0.212752 -27.34
0.212752 -27.33
0.212752 -27.32
0.212752 -27.31
0.212752 -27.3
0.212752 -27.29
0.212752 -27.28
0.212752 -27.27
0.212752 -27.26
0.212752 -27.25
0.212752 -27.24
0.212752 -27.23
0.212752 -27.22
0.212752 -27.21
0.212752 -27.2
0.212752 -27.19
0.212752 -27.18
0.212752 -27.17
0.212752 -27.16
0.212752 -27.15
0.212752 -27.14
0.212752 -27.13
0.212752 -27.12
0.212752 -27.11
0.212752 -27.1
0.212752 -27.09
0.212752 -27.08
0.212752 -27.07
0.212752 -27.06
0.212752 -27.05
0.212752 -27.04
0.212752 -27.03
0.212752 -27.02
0.212752 -27.01
0.212752 -27
0.212752 -26.99
0.212752 -26.98
0.212752 -26.97
0.212752 -26.96
0.212752 -26.95
0.212752 -26.94
0.212752 -26.93
0.212752 -26.92
0.212752 -26.91
0.212752 -26.9
0.212752 -26.89
0.212752 -26.88
0.212752 -26.87
0.212752 -26.86
0.212752 -26.85
0.212752 -26.84
0.212752 -26.83
0.212752 -26.82
0.212752 -26.81
0.212752 -26.8
0.212752 -26.79
0.212752 -26.78
0.212752 -26.77
0.212752 -26.76
0.212752 -26.75
0.212752 -26.74
0.212752 -26.73
0.212752 -26.72
0.212752 -26.71
0.212752 -26.7
0.212752 -26.69
0.212752 -26.68
0.212752 -26.67
0.212752 -26.66
0.212752 -26.65
0.212752 -26.64
0.212752 -26.63
0.212752 -26.62
0.212752 -26.61
0.212752 -26.6
0.212752 -26.59
0.212752 -26.58
0.212752 -26.57
0.212752 -26.56
0.212752 -26.55
0.212752 -26.54
0.212752 -26.53
0.212752 -26.52
0.212752 -26.51
0.212752 -26.5
0.212752 -26.49
0.212752 -26.48
0.212752 -26.47
0.212752 -26.46
0.212752 -26.45
0.212752 -26.44
0.212752 -26.43
0.212752 -26.42
0.212752 -26.41
0.212752 -26.4
0.212752 -26.39
0.212752 -26.38
0.212752 -26.37
0.212752 -26.36
0.212752 -26.35
0.212752 -26.34
0.212752 -26.33
0.212752 -26.32
0.212752 -26.31
0.212752 -26.3
0.212752 -26.29
0.212752 -26.28
0.212752 -26.27
0.212752 -26.26
0.212752 -26.25
0.212752 -26.24
0.212752 -26.23
0.212752 -26.22
0.212752 -26.21
0.212752 -26.2
0.212752 -26.19
0.212752 -26.18
0.212752 -26.17
0.212752 -26.16
0.212752 -26.15
0.212752 -26.14
0.212752 -26.13
0.212752 -26.12
0.212752 -26.11
0.212752 -26.1
0.212752 -26.09
0.212752 -26.08
0.212752 -26.07
0.212752 -26.06
0.212752 -26.05
0.212752 -26.04
0.212752 -26.03
0.212752 -26.02
0.212752 -26.01
0.212752 -26
0.212752 -25.99
0.212752 -25.98
0.212752 -25.97
0.212752 -25.96
0.212752 -25.95
0.212752 -25.94
0.212752 -25.93
0.212752 -25.92
0.212752 -25.91
0.212752 -25.9
0.212752 -25.89
0.212752 -25.88
0.212752 -25.87
0.212752 -25.86
0.212752 -25.85
0.212752 -25.84
0.212752 -25.83
0.212752 -25.82
0.212752 -25.81
0.212752 -25.8
0.212752 -25.79
0.212752 -25.78
0.212752 -25.77
0.212752 -25.76
0.212752 -25.75
0.212752 -25.74
0.212752 -25.73
0.212752 -25.72
0.212752 -25.71
0.212752 -25.7
0.212752 -25.69
0.212752 -25.68
0.212752 -25.67
0.212752 -25.66
0.212752 -25.65
0.212752 -25.64
0.212752 -25.63
0.212752 -25.62
0.212752 -25.61
0.212752 -25.6
0.212752 -25.59
0.212752 -25.58
0.212752 -25.57
0.212752 -25.56
0.212752 -25.55
0.212752 -25.54
0.212752 -25.53
0.212752 -25.52
0.212752 -25.51
0.212752 -25.5
0.212752 -25.49
0.212752 -25.48
0.212752 -25.47
0.212752 -25.46
0.212752 -25.45
0.212752 -25.44
0.212752 -25.43
0.212752 -25.42
0.212752 -25.41
0.212752 -25.4
0.212752 -25.39
0.212752 -25.38
0.212752 -25.37
0.212752 -25.36
0.212752 -25.35
0.212752 -25.34
0.212752 -25.33
0.212752 -25.32
0.212752 -25.31
0.212752 -25.3
0.212752 -25.29
0.212752 -25.28
0.212752 -25.27
0.212752 -25.26
0.212752 -25.25
0.212752 -25.24
0.212752 -25.23
0.212752 -25.22
0.212752 -25.21
0.212752 -25.2
0.212752 -25.19
0.212752 -25.18
0.212752 -25.17
0.212752 -25.16
0.212752 -25.15
0.212752 -25.14
0.212752 -25.13
0.212752 -25.12
0.212752 -25.11
0.212752 -25.1
0.212752 -25.09
0.212752 -25.08
0.212752 -25.07
0.212752 -25.06
0.212752 -25.05
0.212752 -25.04
0.212752 -25.03
0.212752 -25.02
0.212752 -25.01
0.212752 -25
0.212752 -24.99
0.212752 -24.98
0.212752 -24.97
0.212752 -24.96
0.212752 -24.95
0.212752 -24.94
0.212752 -24.93
0.212752 -24.92
0.212752 -24.91
0.212752 -24.9
0.212752 -24.89
0.212752 -24.88
0.212752 -24.87
0.212752 -24.86
0.212752 -24.85
0.212752 -24.84
0.212752 -24.83
0.212752 -24.82
0.212752 -24.81
0.212752 -24.8
0.212752 -24.79
0.212752 -24.78
0.212752 -24.77
0.212752 -24.76
0.212752 -24.75
0.212752 -24.74
0.212752 -24.73
0.212752 -24.72
0.212752 -24.71
0.212752 -24.7
0.212752 -24.69
0.212752 -24.68
0.212752 -24.67
0.212752 -24.66
0.212752 -24.65
0.212752 -24.64
0.212752 -24.63
0.212752 -24.62
0.212752 -24.61
0.212752 -24.6
0.212752 -24.59
0.212752 -24.58
0.212752 -24.57
0.212752 -24.56
0.212752 -24.55
0.212752 -24.54
0.212752 -24.53
0.212752 -24.52
0.212752 -24.51
0.212752 -24.5
0.212752 -24.49
0.212752 -24.48
0.212752 -24.47
0.212752 -24.46
0.212752 -24.45
0.212752 -24.44
0.212752 -24.43
0.212752 -24.42
0.212752 -24.41
0.212752 -24.4
0.212752 -24.39
0.212752 -24.38
0.212752 -24.37
0.212752 -24.36
0.212752 -24.35
0.212752 -24.34
0.212752 -24.33
0.212752 -24.32
0.212752 -24.31
0.212752 -24.3
0.212752 -24.29
0.212752 -24.28
0.212752 -24.27
0.212752 -24.26
0.212752 -24.25
0.212752 -24.24
0.212752 -24.23
0.212752 -24.22
0.212752 -24.21
0.212752 -24.2
0.212752 -24.19
0.212752 -24.18
0.212752 -24.17
0.212752 -24.16
0.212752 -24.15
0.212752 -24.14
0.212752 -24.13
0.212752 -24.12
0.212752 -24.11
0.212752 -24.1
0.212752 -24.09
0.212752 -24.08
0.212752 -24.07
0.212752 -24.06
0.212752 -24.05
0.212752 -24.04
0.212752 -24.03
0.212752 -24.02
0.212752 -24.01
0.212752 -24
0.212752 -23.99
0.212752 -23.98
0.212752 -23.97
0.212752 -23.96
0.212752 -23.95
0.212752 -23.94
0.212752 -23.93
0.212752 -23.92
0.212752 -23.91
0.212752 -23.9
0.212752 -23.89
0.212752 -23.88
0.212752 -23.87
0.212752 -23.86
0.212752 -23.85
0.212752 -23.84
0.212752 -23.83
0.212752 -23.82
0.212752 -23.81
0.212752 -23.8
0.212752 -23.79
0.212752 -23.78
0.212752 -23.77
0.212752 -23.76
0.212752 -23.75
0.212752 -23.74
0.212752 -23.73
0.212752 -23.72
0.212752 -23.71
0.212752 -23.7
0.212752 -23.69
0.212752 -23.68
0.212752 -23.67
0.212752 -23.66
0.212752 -23.65
0.212752 -23.64
0.212752 -23.63
0.212752 -23.62
0.212752 -23.61
0.212752 -23.6
0.212752 -23.59
0.212752 -23.58
0.212752 -23.57
0.212752 -23.56
0.212752 -23.55
0.212752 -23.54
0.212752 -23.53
0.212752 -23.52
0.212752 -23.51
0.212752 -23.5
0.212752 -23.49
0.212752 -23.48
0.212752 -23.47
0.212752 -23.46
0.212752 -23.45
0.212752 -23.44
0.212752 -23.43
0.212752 -23.42
0.212752 -23.41
0.212752 -23.4
0.212752 -23.39
0.212752 -23.38
0.212752 -23.37
0.212752 -23.36
0.212752 -23.35
0.212752 -23.34
0.212752 -23.33
0.212752 -23.32
0.212752 -23.31
0.212752 -23.3
0.212752 -23.29
0.212752 -23.28
0.212752 -23.27
0.212752 -23.26
0.212752 -23.25
0.212752 -23.24
0.212752 -23.23
0.212752 -23.22
0.212752 -23.21
0.212752 -23.2
0.212752 -23.19
0.212752 -23.18
0.212752 -23.17
0.212752 -23.16
0.212752 -23.15
0.212752 -23.14
0.212752 -23.13
0.212752 -23.12
0.212752 -23.11
0.212752 -23.1
0.212752 -23.09
0.212752 -23.08
0.212752 -23.07
0.212752 -23.06
0.212752 -23.05
0.212752 -23.04
0.212752 -23.03
0.212752 -23.02
0.212752 -23.01
0.212752 -23
0.212752 -22.99
0.212752 -22.98
0.212752 -22.97
0.212752 -22.96
0.212752 -22.95
0.212752 -22.94
0.212752 -22.93
0.212752 -22.92
0.212752 -22.91
0.212752 -22.9
0.212752 -22.89
0.212752 -22.88
0.212752 -22.87
0.212752 -22.86
0.212752 -22.85
0.212752 -22.84
0.212752 -22.83
0.212752 -22.82
0.212752 -22.81
0.212752 -22.8
0.212752 -22.79
0.212752 -22.78
0.212752 -22.77
0.212752 -22.76
0.212752 -22.75
0.212752 -22.74
0.212752 -22.73
0.212752 -22.72
0.212752 -22.71
0.212752 -22.7
0.212752 -22.69
0.212752 -22.68
0.212752 -22.67
0.212752 -22.66
0.212752 -22.65
0.212752 -22.64
0.212752 -22.63
0.212752 -22.62
0.212752 -22.61
0.212752 -22.6
0.212752 -22.59
0.212752 -22.58
0.212752 -22.57
0.212752 -22.56
0.212752 -22.55
0.212752 -22.54
0.212752 -22.53
0.212752 -22.52
0.212752 -22.51
0.212752 -22.5
0.212752 -22.49
0.212752 -22.48
0.212752 -22.47
0.212752 -22.46
0.212752 -22.45
0.212752 -22.44
0.212752 -22.43
0.212752 -22.42
0.212752 -22.41
0.212752 -22.4
0.212752 -22.39
0.212752 -22.38
0.212752 -22.37
0.212752 -22.36
0.212752 -22.35
0.212752 -22.34
0.212752 -22.33
0.212752 -22.32
0.212752 -22.31
0.212752 -22.3
0.212752 -22.29
0.212752 -22.28
0.212752 -22.27
0.212752 -22.26
0.212752 -22.25
0.212752 -22.24
0.212752 -22.23
0.212752 -22.22
0.212752 -22.21
0.212752 -22.2
0.212752 -22.19
0.212752 -22.18
0.212752 -22.17
0.212752 -22.16
0.212752 -22.15
0.212752 -22.14
0.212752 -22.13
0.212752 -22.12
0.212752 -22.11
0.212752 -22.1
0.212752 -22.09
0.212752 -22.08
0.212752 -22.07
0.212752 -22.06
0.212752 -22.05
0.212752 -22.04
0.212752 -22.03
0.212752 -22.02
0.212752 -22.01
0.212752 -22
0.212752 -21.99
0.212752 -21.98
0.212752 -21.97
0.212752 -21.96
0.212752 -21.95
0.212752 -21.94
0.212752 -21.93
0.212752 -21.92
0.212752 -21.91
0.212752 -21.9
0.212752 -21.89
0.212752 -21.88
0.212752 -21.87
0.212752 -21.86
0.212752 -21.85
0.212752 -21.84
0.212752 -21.83
0.212752 -21.82
0.212752 -21.81
0.212752 -21.8
0.212752 -21.79
0.212752 -21.78
0.212752 -21.77
0.212752 -21.76
0.212752 -21.75
0.212752 -21.74
0.212752 -21.73
0.212752 -21.72
0.212752 -21.71
0.212752 -21.7
0.212752 -21.69
0.212752 -21.68
0.212752 -21.67
0.212752 -21.66
0.212752 -21.65
0.212752 -21.64
0.212752 -21.63
0.212752 -21.62
0.212752 -21.61
0.212752 -21.6
0.212752 -21.59
0.212752 -21.58
0.212752 -21.57
0.212752 -21.56
0.212752 -21.55
0.212752 -21.54
0.212752 -21.53
0.212752 -21.52
0.212752 -21.51
0.212752 -21.5
0.212752 -21.49
0.212752 -21.48
0.212752 -21.47
0.212752 -21.46
0.212752 -21.45
0.212752 -21.44
0.212752 -21.43
0.212752 -21.42
0.212752 -21.41
0.212752 -21.4
0.212752 -21.39
0.212752 -21.38
0.212752 -21.37
0.212752 -21.36
0.212752 -21.35
0.212752 -21.34
0.212752 -21.33
0.212752 -21.32
0.212752 -21.31
0.212752 -21.3
0.212752 -21.29
0.212752 -21.28
0.212752 -21.27
0.212752 -21.26
0.212752 -21.25
0.212752 -21.24
0.212752 -21.23
0.212752 -21.22
0.212752 -21.21
0.212752 -21.2
0.212752 -21.19
0.212752 -21.18
0.212752 -21.17
0.212752 -21.16
0.212752 -21.15
0.212752 -21.14
0.212752 -21.13
0.212752 -21.12
0.212752 -21.11
0.212752 -21.1
0.212752 -21.09
0.212752 -21.08
0.212752 -21.07
0.212752 -21.06
0.212752 -21.05
0.212752 -21.04
0.212752 -21.03
0.212752 -21.02
0.212752 -21.01
0.212752 -21
0.212752 -20.99
0.212752 -20.98
0.212752 -20.97
0.212752 -20.96
0.212752 -20.95
0.212752 -20.94
0.212752 -20.93
0.212752 -20.92
0.212752 -20.91
0.212752 -20.9
0.212752 -20.89
0.212752 -20.88
0.212752 -20.87
0.212752 -20.86
0.212752 -20.85
0.212752 -20.84
0.212752 -20.83
0.212752 -20.82
0.212752 -20.81
0.212752 -20.8
0.212752 -20.79
0.212752 -20.78
0.212752 -20.77
0.212752 -20.76
0.212752 -20.75
0.212752 -20.74
0.212752 -20.73
0.212752 -20.72
0.212752 -20.71
0.212752 -20.7
0.212752 -20.69
0.212752 -20.68
0.212752 -20.67
0.212752 -20.66
0.212752 -20.65
0.212752 -20.64
0.212752 -20.63
0.212752 -20.62
0.212752 -20.61
0.212752 -20.6
0.212752 -20.59
0.212752 -20.58
0.212752 -20.57
0.212752 -20.56
0.212752 -20.55
0.212752 -20.54
0.212752 -20.53
0.212752 -20.52
0.212752 -20.51
0.212752 -20.5
0.212752 -20.49
0.212752 -20.48
0.212752 -20.47
0.212752 -20.46
0.212752 -20.45
0.212752 -20.44
0.212752 -20.43
0.212752 -20.42
0.212752 -20.41
0.212752 -20.4
0.212752 -20.39
0.212752 -20.38
0.212752 -20.37
0.212752 -20.36
0.212752 -20.35
0.212752 -20.34
0.212752 -20.33
0.212752 -20.32
0.212752 -20.31
0.212752 -20.3
0.212752 -20.29
0.212752 -20.28
0.212752 -20.27
0.212752 -20.26
0.212752 -20.25
0.212752 -20.24
0.212752 -20.23
0.212752 -20.22
0.212752 -20.21
0.212752 -20.2
0.212752 -20.19
0.212752 -20.18
0.212752 -20.17
0.212752 -20.16
0.212752 -20.15
0.212752 -20.14
0.212752 -20.13
0.212752 -20.12
0.212752 -20.11
0.212752 -20.1
0.212752 -20.09
0.212752 -20.08
0.212752 -20.07
0.212752 -20.06
0.212752 -20.05
0.212752 -20.04
0.212752 -20.03
0.212752 -20.02
0.212752 -20.01
0.212752 -20
0.212752 -19.99
0.212752 -19.98
0.212752 -19.97
0.212752 -19.96
0.212752 -19.95
0.212752 -19.94
0.212752 -19.93
0.212752 -19.92
0.212752 -19.91
0.212752 -19.9
0.212752 -19.89
0.212752 -19.88
0.212752 -19.87
0.212752 -19.86
0.212752 -19.85
0.212752 -19.84
0.212752 -19.83
0.212752 -19.82
0.212752 -19.81
0.212752 -19.8
0.212752 -19.79
0.212752 -19.78
0.212752 -19.77
0.212752 -19.76
0.212752 -19.75
0.212752 -19.74
0.212752 -19.73
0.212752 -19.72
0.212752 -19.71
0.212752 -19.7
0.212752 -19.69
0.212752 -19.68
0.212752 -19.67
0.212752 -19.66
0.212752 -19.65
0.212752 -19.64
0.212752 -19.63
0.212752 -19.62
0.212752 -19.61
0.212752 -19.6
0.212752 -19.59
0.212752 -19.58
0.212752 -19.57
0.212752 -19.56
0.212752 -19.55
0.212752 -19.54
0.212752 -19.53
0.212752 -19.52
0.212752 -19.51
0.212752 -19.5
0.212752 -19.49
0.212752 -19.48
0.212752 -19.47
0.212752 -19.46
0.212752 -19.45
0.212752 -19.44
0.212752 -19.43
0.212752 -19.42
0.212752 -19.41
0.212752 -19.4
0.212752 -19.39
0.212752 -19.38
0.212752 -19.37
0.212752 -19.36
0.212752 -19.35
0.212752 -19.34
0.212752 -19.33
0.212752 -19.32
0.212752 -19.31
0.212752 -19.3
0.212752 -19.29
0.212752 -19.28
0.212752 -19.27
0.212752 -19.26
0.212752 -19.25
0.212752 -19.24
0.212752 -19.23
0.212752 -19.22
0.212752 -19.21
0.212752 -19.2
0.212752 -19.19
0.212752 -19.18
0.212752 -19.17
0.212752 -19.16
0.212752 -19.15
0.212752 -19.14
0.212752 -19.13
0.212752 -19.12
0.212752 -19.11
0.212752 -19.1
0.212752 -19.09
0.212752 -19.08
0.212752 -19.07
0.212752 -19.06
0.212752 -19.05
0.212752 -19.04
0.212752 -19.03
0.212752 -19.02
0.212752 -19.01
0.212752 -19
0.212752 -18.99
0.212752 -18.98
0.212752 -18.97
0.212752 -18.96
0.212752 -18.95
0.212752 -18.94
0.212752 -18.93
0.212752 -18.92
0.212752 -18.91
0.212752 -18.9
0.212752 -18.89
0.212752 -18.88
0.212752 -18.87
0.212752 -18.86
0.212752 -18.85
0.212752 -18.84
0.212752 -18.83
0.212752 -18.82
0.212752 -18.81
0.212752 -18.8
0.212752 -18.79
0.212752 -18.78
0.212752 -18.77
0.212752 -18.76
0.212752 -18.75
0.212752 -18.74
0.212752 -18.73
0.212752 -18.72
0.212752 -18.71
0.212752 -18.7
0.212752 -18.69
0.212752 -18.68
0.212752 -18.67
0.212752 -18.66
0.212752 -18.65
0.212752 -18.64
0.212752 -18.63
0.212752 -18.62
0.212752 -18.61
0.212752 -18.6
0.212752 -18.59
0.212752 -18.58
0.212752 -18.57
0.212752 -18.56
0.212752 -18.55
0.212752 -18.54
0.212752 -18.53
0.212752 -18.52
0.212752 -18.51
0.212752 -18.5
0.212752 -18.49
0.212752 -18.48
0.212752 -18.47
0.212752 -18.46
0.212752 -18.45
0.212752 -18.44
0.212752 -18.43
0.212752 -18.42
0.212752 -18.41
0.212752 -18.4
0.212752 -18.39
0.212752 -18.38
0.212752 -18.37
0.212752 -18.36
0.212752 -18.35
0.212752 -18.34
0.212752 -18.33
0.212752 -18.32
0.212752 -18.31
0.212752 -18.3
0.212752 -18.29
0.212752 -18.28
0.212752 -18.27
0.212752 -18.26
0.212752 -18.25
0.212752 -18.24
0.212752 -18.23
0.212752 -18.22
0.212752 -18.21
0.212752 -18.2
0.212752 -18.19
0.212752 -18.18
0.212752 -18.17
0.212752 -18.16
0.212752 -18.15
0.212752 -18.14
0.212752 -18.13
0.212752 -18.12
0.212752 -18.11
0.212752 -18.1
0.212752 -18.09
0.212752 -18.08
0.212752 -18.07
0.212752 -18.06
0.212752 -18.05
0.212752 -18.04
0.212752 -18.03
0.212752 -18.02
0.212752 -18.01
0.212752 -18
0.212752 -17.99
0.212752 -17.98
0.212752 -17.97
0.212752 -17.96
0.212752 -17.95
0.212752 -17.94
0.212752 -17.93
0.212752 -17.92
0.212752 -17.91
0.212752 -17.9
0.212752 -17.89
0.212752 -17.88
0.212752 -17.87
0.212752 -17.86
0.212752 -17.85
0.212752 -17.84
0.212752 -17.83
0.212752 -17.82
0.212752 -17.81
0.212752 -17.8
0.212752 -17.79
0.212752 -17.78
0.212752 -17.77
0.212752 -17.76
0.212752 -17.75
0.212752 -17.74
0.212752 -17.73
0.212752 -17.72
0.212752 -17.71
0.212752 -17.7
0.212752 -17.69
0.212752 -17.68
0.212752 -17.67
0.212752 -17.66
0.212752 -17.65
0.212752 -17.64
0.212752 -17.63
0.212752 -17.62
0.212752 -17.61
0.212752 -17.6
0.212752 -17.59
0.212752 -17.58
0.212752 -17.57
0.212752 -17.56
0.212752 -17.55
0.212752 -17.54
0.212752 -17.53
0.212752 -17.52
0.212752 -17.51
0.212752 -17.5
0.212752 -17.49
0.212752 -17.48
0.212752 -17.47
0.212752 -17.46
0.212752 -17.45
0.212752 -17.44
0.212752 -17.43
0.212752 -17.42
0.212752 -17.41
0.212752 -17.4
0.212752 -17.39
0.212752 -17.38
0.212752 -17.37
0.212752 -17.36
0.212752 -17.35
0.212752 -17.34
0.212752 -17.33
0.212752 -17.32
0.212752 -17.31
0.212752 -17.3
0.212752 -17.29
0.212752 -17.28
0.212752 -17.27
0.212752 -17.26
0.212752 -17.25
0.212752 -17.24
0.212752 -17.23
0.212752 -17.22
0.212752 -17.21
0.212752 -17.2
0.212752 -17.19
0.212752 -17.18
0.212752 -17.17
0.212752 -17.16
0.212752 -17.15
0.212752 -17.14
0.212752 -17.13
0.212752 -17.12
0.212752 -17.11
0.212752 -17.1
0.212752 -17.09
0.212752 -17.08
0.212752 -17.07
0.212752 -17.06
0.212752 -17.05
0.212752 -17.04
0.212752 -17.03
0.212752 -17.02
0.212752 -17.01
0.212752 -17
0.212752 -16.99
0.212752 -16.98
0.212752 -16.97
0.212752 -16.96
0.212752 -16.95
0.212752 -16.94
0.212752 -16.93
0.212752 -16.92
0.212752 -16.91
0.212752 -16.9
0.212752 -16.89
0.212752 -16.88
0.212752 -16.87
0.212752 -16.86
0.212752 -16.85
0.212752 -16.84
0.212752 -16.83
0.212752 -16.82
0.212752 -16.81
0.212752 -16.8
0.212752 -16.79
0.212752 -16.78
0.212752 -16.77
0.212752 -16.76
0.212752 -16.75
0.212752 -16.74
0.212752 -16.73
0.212752 -16.72
0.212752 -16.71
0.212752 -16.7
0.212752 -16.69
0.212752 -16.68
0.212752 -16.67
0.212752 -16.66
0.212752 -16.65
0.212752 -16.64
0.212752 -16.63
0.212752 -16.62
0.212752 -16.61
0.212752 -16.6
0.212752 -16.59
0.212752 -16.58
0.212752 -16.57
0.212752 -16.56
0.212752 -16.55
0.212752 -16.54
0.212752 -16.53
0.212752 -16.52
0.212752 -16.51
0.212752 -16.5
0.212752 -16.49
0.212752 -16.48
0.212752 -16.47
0.212752 -16.46
0.212752 -16.45
0.212752 -16.44
0.212752 -16.43
0.212752 -16.42
0.212752 -16.41
0.212752 -16.4
0.212752 -16.39
0.212752 -16.38
0.212752 -16.37
0.212752 -16.36
0.212752 -16.35
0.212752 -16.34
0.212752 -16.33
0.212752 -16.32
0.212752 -16.31
0.212752 -16.3
0.212752 -16.29
0.212752 -16.28
0.212752 -16.27
0.212752 -16.26
0.212752 -16.25
0.212752 -16.24
0.212752 -16.23
0.212752 -16.22
0.212752 -16.21
0.212752 -16.2
0.212752 -16.19
0.212752 -16.18
0.212752 -16.17
0.212752 -16.16
0.212752 -16.15
0.212752 -16.14
0.212752 -16.13
0.212752 -16.12
0.212752 -16.11
0.212752 -16.1
0.212752 -16.09
0.212752 -16.08
0.212752 -16.07
0.212752 -16.06
0.212752 -16.05
0.212752 -16.04
0.212752 -16.03
0.212752 -16.02
0.212752 -16.01
0.212752 -16
0.212752 -15.99
0.212752 -15.98
0.212752 -15.97
0.212752 -15.96
0.212752 -15.95
0.212752 -15.94
0.212752 -15.93
0.212752 -15.92
0.212752 -15.91
0.212752 -15.9
0.212752 -15.89
0.212752 -15.88
0.212752 -15.87
0.212752 -15.86
0.212752 -15.85
0.212752 -15.84
0.212752 -15.83
0.212752 -15.82
0.212752 -15.81
0.212752 -15.8
0.212752 -15.79
0.212752 -15.78
0.212752 -15.77
0.212752 -15.76
0.212752 -15.75
0.212752 -15.74
0.212752 -15.73
0.212752 -15.72
0.212752 -15.71
0.212752 -15.7
0.212752 -15.69
0.212752 -15.68
0.212752 -15.67
0.212752 -15.66
0.212752 -15.65
0.212752 -15.64
0.212752 -15.63
0.212752 -15.62
0.212752 -15.61
0.212752 -15.6
0.212752 -15.59
0.212752 -15.58
0.212752 -15.57
0.212752 -15.56
0.212752 -15.55
0.212752 -15.54
0.212752 -15.53
0.212752 -15.52
0.212752 -15.51
0.212752 -15.5
0.212752 -15.49
0.212752 -15.48
0.212752 -15.47
0.212752 -15.46
0.212752 -15.45
0.212752 -15.44
0.212752 -15.43
0.212752 -15.42
0.212752 -15.41
0.212752 -15.4
0.212752 -15.39
0.212752 -15.38
0.212752 -15.37
0.212752 -15.36
0.212752 -15.35
0.212752 -15.34
0.212752 -15.33
0.212752 -15.32
0.212752 -15.31
0.212752 -15.3
0.212752 -15.29
0.212752 -15.28
0.212752 -15.27
0.212752 -15.26
0.212752 -15.25
0.212752 -15.24
0.212752 -15.23
0.212752 -15.22
0.212752 -15.21
0.212752 -15.2
0.212752 -15.19
0.212752 -15.18
0.212752 -15.17
0.212752 -15.16
0.212752 -15.15
0.212752 -15.14
0.212752 -15.13
0.212752 -15.12
0.212752 -15.11
0.212752 -15.1
0.212752 -15.09
0.212752 -15.08
0.212752 -15.07
0.212752 -15.06
0.212752 -15.05
0.212752 -15.04
0.212752 -15.03
0.212752 -15.02
0.212752 -15.01
0.212752 -15
0.212752 -14.99
0.212752 -14.98
0.212752 -14.97
0.212752 -14.96
0.212752 -14.95
0.212752 -14.94
0.212752 -14.93
0.212752 -14.92
0.212752 -14.91
0.212752 -14.9
0.212752 -14.89
0.212752 -14.88
0.212752 -14.87
0.212752 -14.86
0.212752 -14.85
0.212752 -14.84
0.212752 -14.83
0.212752 -14.82
0.212752 -14.81
0.212752 -14.8
0.212752 -14.79
0.212752 -14.78
0.212752 -14.77
0.212752 -14.76
0.212752 -14.75
0.212752 -14.74
0.212752 -14.73
0.212752 -14.72
0.212752 -14.71
0.212752 -14.7
0.212752 -14.69
0.212752 -14.68
0.212752 -14.67
0.212752 -14.66
0.212752 -14.65
0.212752 -14.64
0.212752 -14.63
0.212752 -14.62
0.212752 -14.61
0.212752 -14.6
0.212752 -14.59
0.212752 -14.58
0.212752 -14.57
0.212752 -14.56
0.212752 -14.55
0.212752 -14.54
0.212752 -14.53
0.212752 -14.52
0.212752 -14.51
0.212752 -14.5
0.212752 -14.49
0.212752 -14.48
0.212752 -14.47
0.212752 -14.46
0.212752 -14.45
0.212752 -14.44
0.212752 -14.43
0.212752 -14.42
0.212752 -14.41
0.212752 -14.4
0.212752 -14.39
0.212752 -14.38
0.212752 -14.37
0.212752 -14.36
0.212752 -14.35
0.212752 -14.34
0.212752 -14.33
0.212752 -14.32
0.212752 -14.31
0.212752 -14.3
0.212752 -14.29
0.212752 -14.28
0.212752 -14.27
0.212752 -14.26
0.212752 -14.25
0.212752 -14.24
0.212752 -14.23
0.212752 -14.22
0.212752 -14.21
0.212752 -14.2
0.212752 -14.19
0.212752 -14.18
0.212752 -14.17
0.212752 -14.16
0.212752 -14.15
0.212752 -14.14
0.212752 -14.13
0.212752 -14.12
0.212752 -14.11
0.212752 -14.1
0.212752 -14.09
0.212752 -14.08
0.212752 -14.07
0.212752 -14.06
0.212752 -14.05
0.212752 -14.04
0.212752 -14.03
0.212752 -14.02
0.212752 -14.01
0.212752 -14
0.212752 -13.99
0.212752 -13.98
0.212752 -13.97
0.212752 -13.96
0.212752 -13.95
0.212752 -13.94
0.212752 -13.93
0.212752 -13.92
0.212752 -13.91
0.212752 -13.9
0.212752 -13.89
0.212752 -13.88
0.212752 -13.87
0.212752 -13.86
0.212752 -13.85
0.212752 -13.84
0.212752 -13.83
0.212752 -13.82
0.212752 -13.81
0.212752 -13.8
0.212752 -13.79
0.212752 -13.78
0.212752 -13.77
0.212752 -13.76
0.212752 -13.75
0.212752 -13.74
0.212752 -13.73
0.212752 -13.72
0.212752 -13.71
0.212752 -13.7
0.212752 -13.69
0.212752 -13.68
0.212752 -13.67
0.212752 -13.66
0.212752 -13.65
0.212752 -13.64
0.212752 -13.63
0.212752 -13.62
0.212752 -13.61
0.212752 -13.6
0.212752 -13.59
0.212752 -13.58
0.212752 -13.57
0.212752 -13.56
0.212752 -13.55
0.212752 -13.54
0.212752 -13.53
0.212752 -13.52
0.212752 -13.51
0.212752 -13.5
0.212752 -13.49
0.212752 -13.48
0.212752 -13.47
0.212752 -13.46
0.212752 -13.45
0.212752 -13.44
0.212752 -13.43
0.212752 -13.42
0.212752 -13.41
0.212752 -13.4
0.212752 -13.39
0.212752 -13.38
0.212752 -13.37
0.212752 -13.36
0.212752 -13.35
0.212752 -13.34
0.212752 -13.33
0.212752 -13.32
0.212752 -13.31
0.212752 -13.3
0.212752 -13.29
0.212752 -13.28
0.212752 -13.27
0.212752 -13.26
0.212752 -13.25
0.212752 -13.24
0.212752 -13.23
0.212752 -13.22
0.212752 -13.21
0.212752 -13.2
0.212752 -13.19
0.212752 -13.18
0.212752 -13.17
0.212752 -13.16
0.212752 -13.15
0.212752 -13.14
0.212752 -13.13
0.212752 -13.12
0.212752 -13.11
0.212752 -13.1
0.212752 -13.09
0.212752 -13.08
0.212752 -13.07
0.212752 -13.06
0.212752 -13.05
0.212752 -13.04
0.212752 -13.03
0.212752 -13.02
0.212752 -13.01
0.212752 -13
0.212752 -12.99
0.212752 -12.98
0.212752 -12.97
0.212752 -12.96
0.212752 -12.95
0.212752 -12.94
0.212752 -12.93
0.212752 -12.92
0.212752 -12.91
0.212752 -12.9
0.212752 -12.89
0.212752 -12.88
0.212752 -12.87
0.212752 -12.86
0.212752 -12.85
0.212752 -12.84
0.212752 -12.83
0.212752 -12.82
0.212752 -12.81
0.212752 -12.8
0.212752 -12.79
0.212752 -12.78
0.212752 -12.77
0.212752 -12.76
0.212752 -12.75
0.212752 -12.74
0.212752 -12.73
0.212752 -12.72
0.212752 -12.71
0.212752 -12.7
0.212752 -12.69
0.212752 -12.68
0.212752 -12.67
0.212752 -12.66
0.212752 -12.65
0.212752 -12.64
0.212752 -12.63
0.212752 -12.62
0.212752 -12.61
0.212752 -12.6
0.212752 -12.59
0.212752 -12.58
0.212752 -12.57
0.212752 -12.56
0.212752 -12.55
0.212752 -12.54
0.212752 -12.53
0.212752 -12.52
0.212752 -12.51
0.212752 -12.5
0.212752 -12.49
0.212752 -12.48
0.212752 -12.47
0.212752 -12.46
0.212752 -12.45
0.212752 -12.44
0.212752 -12.43
0.212752 -12.42
0.212752 -12.41
0.212752 -12.4
0.212752 -12.39
0.212752 -12.38
0.212752 -12.37
0.212752 -12.36
0.212752 -12.35
0.212752 -12.34
0.212752 -12.33
0.212752 -12.32
0.212752 -12.31
0.212752 -12.3
0.212752 -12.29
0.212752 -12.28
0.212752 -12.27
0.212752 -12.26
0.212752 -12.25
0.212752 -12.24
0.212752 -12.23
0.212752 -12.22
0.212752 -12.21
0.212752 -12.2
0.212752 -12.19
0.212752 -12.18
0.212752 -12.17
0.212752 -12.16
0.212752 -12.15
0.212752 -12.14
0.212752 -12.13
0.212752 -12.12
0.212752 -12.11
0.212752 -12.1
0.212752 -12.09
0.212752 -12.08
0.212752 -12.07
0.212752 -12.06
0.212752 -12.05
0.212752 -12.04
0.212752 -12.03
0.212752 -12.02
0.212752 -12.01
0.212752 -12
0.212752 -11.99
0.212752 -11.98
0.212752 -11.97
0.212752 -11.96
0.212752 -11.95
0.212752 -11.94
0.212752 -11.93
0.212752 -11.92
0.212752 -11.91
0.212752 -11.9
0.212752 -11.89
0.212752 -11.88
0.212752 -11.87
0.212752 -11.86
0.212752 -11.85
0.212752 -11.84
0.212752 -11.83
0.212752 -11.82
0.212752 -11.81
0.212752 -11.8
0.212752 -11.79
0.212752 -11.78
0.212752 -11.77
0.212752 -11.76
0.212752 -11.75
0.212752 -11.74
0.212752 -11.73
0.212752 -11.72
0.212752 -11.71
0.212752 -11.7
0.212752 -11.69
0.212752 -11.68
0.212752 -11.67
0.212752 -11.66
0.212752 -11.65
0.212752 -11.64
0.212752 -11.63
0.212752 -11.62
0.212752 -11.61
0.212752 -11.6
0.212752 -11.59
0.212752 -11.58
0.212752 -11.57
0.212752 -11.56
0.212752 -11.55
0.212752 -11.54
0.212752 -11.53
0.212752 -11.52
0.212752 -11.51
0.212752 -11.5
0.212752 -11.49
0.212752 -11.48
0.212752 -11.47
0.212752 -11.46
0.212752 -11.45
0.212752 -11.44
0.212752 -11.43
0.212752 -11.42
0.212752 -11.41
0.212752 -11.4
0.212752 -11.39
0.212752 -11.38
0.212752 -11.37
0.212752 -11.36
0.212752 -11.35
0.212752 -11.34
0.212752 -11.33
0.212752 -11.32
0.212752 -11.31
0.212752 -11.3
0.212752 -11.29
0.212752 -11.28
0.212752 -11.27
0.212752 -11.26
0.212752 -11.25
0.212752 -11.24
0.212752 -11.23
0.212752 -11.22
0.212752 -11.21
0.212752 -11.2
0.212752 -11.19
0.212752 -11.18
0.212752 -11.17
0.212752 -11.16
0.212752 -11.15
0.212752 -11.14
0.212752 -11.13
0.212752 -11.12
0.212752 -11.11
0.212752 -11.1
0.212752 -11.09
0.212752 -11.08
0.212752 -11.07
0.212752 -11.06
0.212752 -11.05
0.212752 -11.04
0.212752 -11.03
0.212752 -11.02
0.212752 -11.01
0.212752 -11
0.212752 -10.99
0.212752 -10.98
0.212752 -10.97
0.212752 -10.96
0.212752 -10.95
0.212752 -10.94
0.212752 -10.93
0.212752 -10.92
0.212752 -10.91
0.212752 -10.9
0.212752 -10.89
0.212752 -10.88
0.212752 -10.87
0.212752 -10.86
0.212752 -10.85
0.212752 -10.84
0.212752 -10.83
0.212752 -10.82
0.212752 -10.81
0.212752 -10.8
0.212752 -10.79
0.212752 -10.78
0.212752 -10.77
0.212752 -10.76
0.212752 -10.75
0.212752 -10.74
0.212752 -10.73
0.212752 -10.72
0.212752 -10.71
0.212752 -10.7
0.212752 -10.69
0.212752 -10.68
0.212752 -10.67
0.212752 -10.66
0.212752 -10.65
0.212752 -10.64
0.212752 -10.63
0.212752 -10.62
0.212752 -10.61
0.212752 -10.6
0.212752 -10.59
0.212752 -10.58
0.212752 -10.57
0.212752 -10.56
0.212752 -10.55
0.212752 -10.54
0.212752 -10.53
0.212752 -10.52
0.212752 -10.51
0.212752 -10.5
0.212752 -10.49
0.212752 -10.48
0.212752 -10.47
0.212752 -10.46
0.212752 -10.45
0.212752 -10.44
0.212752 -10.43
0.212752 -10.42
0.212752 -10.41
0.212752 -10.4
0.212752 -10.39
0.212752 -10.38
0.212752 -10.37
0.212752 -10.36
0.212752 -10.35
0.212752 -10.34
0.212752 -10.33
0.212752 -10.32
0.212752 -10.31
0.212752 -10.3
0.212752 -10.29
0.212752 -10.28
0.212752 -10.27
0.212752 -10.26
0.212752 -10.25
0.212752 -10.24
0.212752 -10.23
0.212752 -10.22
0.212752 -10.21
0.212752 -10.2
0.212752 -10.19
0.212752 -10.18
0.212752 -10.17
0.212752 -10.16
0.212752 -10.15
0.212752 -10.14
0.212752 -10.13
0.212752 -10.12
0.212752 -10.11
0.212752 -10.1
0.212752 -10.09
0.212752 -10.08
0.212752 -10.07
0.212752 -10.06
0.212752 -10.05
0.212752 -10.04
0.212752 -10.03
0.212752 -10.02
0.212752 -10.01
0.212752 -10
0.212752 -9.99
0.212752 -9.98
0.212752 -9.97
0.212752 -9.96
0.212752 -9.95
0.212752 -9.94
0.212752 -9.93
0.212752 -9.92
0.212752 -9.91
0.212752 -9.9
0.212752 -9.89
0.212752 -9.88
0.212752 -9.87
0.212752 -9.86
0.212752 -9.85
0.212752 -9.84
0.212752 -9.83
0.212752 -9.82
0.212752 -9.81
0.212752 -9.8
0.212752 -9.79
0.212752 -9.78
0.212752 -9.77
0.212752 -9.76
0.212752 -9.75
0.212752 -9.74
0.212752 -9.73
0.212752 -9.72
0.212752 -9.71
0.212752 -9.7
0.212752 -9.69
0.212752 -9.68
0.212752 -9.67
0.212752 -9.66
0.212752 -9.65
0.212752 -9.64
0.212752 -9.63
0.212752 -9.62
0.212752 -9.61
0.212752 -9.6
0.212752 -9.59
0.212752 -9.58
0.212752 -9.57
0.212752 -9.56
0.212752 -9.55
0.212752 -9.54
0.212752 -9.53
0.212752 -9.52
0.212752 -9.51
0.212752 -9.5
0.212752 -9.49
0.212752 -9.48
0.212752 -9.47
0.212752 -9.46
0.212752 -9.45
0.212752 -9.44
0.212752 -9.43
0.212752 -9.42
0.212752 -9.41
0.212752 -9.4
0.212752 -9.39
0.212752 -9.38
0.212752 -9.37
0.212752 -9.36
0.212752 -9.35
0.212752 -9.34
0.212752 -9.33
0.212752 -9.32
0.212752 -9.31
0.212752 -9.3
0.212752 -9.29
0.212752 -9.28
0.212752 -9.27
0.212752 -9.26
0.212752 -9.25
0.212752 -9.24
0.212752 -9.23
0.212752 -9.22
0.212752 -9.21
0.212752 -9.2
0.212752 -9.19
0.212752 -9.18
0.212752 -9.17
0.212752 -9.16
0.212752 -9.15
0.212752 -9.14
0.212752 -9.13
0.212752 -9.12
0.212752 -9.11
0.212752 -9.1
0.212752 -9.09
0.212752 -9.08
0.212752 -9.07
0.212752 -9.06
0.212752 -9.05
0.212752 -9.04
0.212752 -9.03
0.212752 -9.02
0.212752 -9.01
0.212752 -9
0.212752 -8.99
0.212752 -8.98
0.212752 -8.97
0.212752 -8.96
0.212752 -8.95
0.212752 -8.94
0.212752 -8.93
0.212752 -8.92
0.212752 -8.91
0.212752 -8.9
0.212752 -8.89
0.212752 -8.88
0.212752 -8.87
0.212752 -8.86
0.212752 -8.85
0.212752 -8.84
0.212752 -8.83
0.212752 -8.82
0.212752 -8.81
0.212752 -8.8
0.212752 -8.79
0.212752 -8.78
0.212752 -8.77
0.212752 -8.76
0.212752 -8.75
0.212752 -8.74
0.212752 -8.73
0.212752 -8.72
0.212752 -8.71
0.212752 -8.7
0.212752 -8.69
0.212752 -8.68
0.212752 -8.67
0.212752 -8.66
0.212752 -8.65
0.212752 -8.64
0.212752 -8.63
0.212752 -8.62
0.212752 -8.61
0.212752 -8.6
0.212752 -8.59
0.212752 -8.58
0.212752 -8.57
0.212752 -8.56
0.212752 -8.55
0.212752 -8.54
0.212752 -8.53
0.212752 -8.52
0.212752 -8.51
0.212752 -8.5
0.212752 -8.49
0.212752 -8.48
0.212752 -8.47
0.212752 -8.46
0.212752 -8.45
0.212752 -8.44
0.212752 -8.43
0.212752 -8.42
0.212752 -8.41
0.212752 -8.4
0.212752 -8.39
0.212752 -8.38
0.212752 -8.37
0.212752 -8.36
0.212752 -8.35
0.212752 -8.34
0.212752 -8.33
0.212752 -8.32
0.212752 -8.31
0.212752 -8.3
0.212752 -8.29
0.212752 -8.28
0.212752 -8.27
0.212752 -8.26
0.212752 -8.25
0.212752 -8.24
0.212752 -8.23
0.212752 -8.22
0.212752 -8.21
0.212752 -8.2
0.212752 -8.19
0.212752 -8.18
0.212752 -8.17
0.212752 -8.16
0.212752 -8.15
0.212752 -8.14
0.212752 -8.13
0.212752 -8.12
0.212752 -8.11
0.212752 -8.1
0.212752 -8.09
0.212752 -8.08
0.212752 -8.07
0.212752 -8.06
0.212752 -8.05
0.212752 -8.04
0.212752 -8.03
0.212752 -8.02
0.212752 -8.01
0.212752 -8
0.212752 -7.99
0.212752 -7.98
0.212752 -7.97
0.212752 -7.96
0.212752 -7.95
0.212752 -7.94
0.212752 -7.93
0.212752 -7.92
0.212752 -7.91
0.212752 -7.9
0.212752 -7.89
0.212752 -7.88
0.212752 -7.87
0.212752 -7.86
0.212752 -7.85
0.212752 -7.84
0.212752 -7.83
0.212752 -7.82
0.212752 -7.81
0.212752 -7.8
0.212752 -7.79
0.212752 -7.78
0.212752 -7.77
0.212752 -7.76
0.212752 -7.75
0.212752 -7.74
0.212752 -7.73
0.212752 -7.72
0.212752 -7.71
0.212752 -7.7
0.212752 -7.69
0.212752 -7.68
0.212752 -7.67
0.212752 -7.66
0.212752 -7.65
0.212752 -7.64
0.212752 -7.63
0.212752 -7.62
0.212752 -7.61
0.212752 -7.6
0.212752 -7.59
0.212752 -7.58
0.212752 -7.57
0.212752 -7.56
0.212752 -7.55
0.212752 -7.54
0.212752 -7.53
0.212752 -7.52
0.212752 -7.51
0.212752 -7.5
0.212752 -7.49
0.212752 -7.48
0.212752 -7.47
0.212752 -7.46
0.212752 -7.45
0.212752 -7.44
0.212752 -7.43
0.212752 -7.42
0.212752 -7.41
0.212752 -7.4
0.212752 -7.39
0.212752 -7.38
0.212752 -7.37
0.212752 -7.36
0.212752 -7.35
0.212752 -7.34
0.212752 -7.33
0.212752 -7.32
0.212752 -7.31
0.212752 -7.3
0.212752 -7.29
0.212752 -7.28
0.212752 -7.27
0.212752 -7.26
0.212752 -7.25
0.212752 -7.24
0.212752 -7.23
0.212752 -7.22
0.212752 -7.21
0.212752 -7.2
0.212752 -7.19
0.212752 -7.18
0.212752 -7.17
0.212752 -7.16
0.212752 -7.15
0.212752 -7.14
0.212752 -7.13
0.212752 -7.12
0.212752 -7.11
0.212752 -7.1
0.212752 -7.09
0.212752 -7.08
0.212752 -7.07
0.212752 -7.06
0.212752 -7.05
0.212752 -7.04
0.212752 -7.03
0.212752 -7.02
0.212752 -7.01
0.212752 -7
0.212752 -6.99
0.212752 -6.98
0.212752 -6.97
0.212752 -6.96
0.212752 -6.95
0.212752 -6.94
0.212752 -6.93
0.212752 -6.92
0.212752 -6.91
0.212752 -6.9
0.212752 -6.89
0.212752 -6.88
0.212752 -6.87
0.212752 -6.86
0.212752 -6.85
0.212752 -6.84
0.212752 -6.83
0.212752 -6.82
0.212752 -6.81
0.212752 -6.8
0.212752 -6.79
0.212752 -6.78
0.212752 -6.77
0.212752 -6.76
0.212752 -6.75
0.212752 -6.74
0.212752 -6.73
0.212752 -6.72
0.212752 -6.71
0.212752 -6.7
0.212752 -6.69
0.212752 -6.68
0.212752 -6.67
0.212752 -6.66
0.212752 -6.65
0.212752 -6.64
0.212752 -6.63
0.212752 -6.62
0.212752 -6.61
0.212752 -6.6
0.212752 -6.59
0.212752 -6.58
0.212752 -6.57
0.212752 -6.56
0.212752 -6.55
0.212752 -6.54
0.212752 -6.53
0.212752 -6.52
0.212752 -6.51
0.212752 -6.5
0.212752 -6.49
0.212752 -6.48
0.212752 -6.47
0.212752 -6.46
0.212752 -6.45
0.212752 -6.44
0.212752 -6.43
0.212752 -6.42
0.212752 -6.41
0.212752 -6.4
0.212752 -6.39
0.212752 -6.38
0.212752 -6.37
0.212752 -6.36
0.212752 -6.35
0.212752 -6.34
0.212752 -6.33
0.212752 -6.32
0.212752 -6.31
0.212752 -6.3
0.212752 -6.29
0.212752 -6.28
0.212752 -6.27
0.212752 -6.26
0.212752 -6.25
0.212752 -6.24
0.212752 -6.23
0.212752 -6.22
0.212752 -6.21
0.212752 -6.2
0.212752 -6.19
0.212752 -6.18
0.212752 -6.17
0.212752 -6.16
0.212752 -6.15
0.212752 -6.14
0.212752 -6.13
0.212752 -6.12
0.212752 -6.11
0.212752 -6.1
0.212752 -6.09
0.212752 -6.08
0.212752 -6.07
0.212752 -6.06
0.212752 -6.05
0.212752 -6.04
0.212752 -6.03
0.212752 -6.02
0.212752 -6.01
0.212752 -6
0.212752 -5.99
0.212752 -5.98
0.212752 -5.97
0.212752 -5.96
0.212752 -5.95
0.212752 -5.94
0.212752 -5.93
0.212752 -5.92
0.212752 -5.91
0.212752 -5.9
0.212752 -5.89
0.212752 -5.88
0.212752 -5.87
0.212752 -5.86
0.212752 -5.85
0.212752 -5.84
0.212752 -5.83
0.212752 -5.82
0.212752 -5.81
0.212752 -5.8
0.212752 -5.79
0.212752 -5.78
0.212752 -5.77
0.212752 -5.76
0.212752 -5.75
0.212752 -5.74
0.212752 -5.73
0.212752 -5.72
0.212752 -5.71
0.212752 -5.7
0.212752 -5.69
0.212752 -5.68
0.212752 -5.67
0.212752 -5.66
0.212753 -5.65
0.212753 -5.64
0.212753 -5.63
0.212753 -5.62
0.212753 -5.61
0.212753 -5.6
0.212753 -5.59
0.212753 -5.58
0.212753 -5.57
0.212753 -5.56
0.212753 -5.55
0.212753 -5.54
0.212753 -5.53
0.212753 -5.52
0.212753 -5.51
0.212753 -5.5
0.212753 -5.49
0.212753 -5.48
0.212753 -5.47
0.212753 -5.46
0.212753 -5.45
0.212753 -5.44
0.212753 -5.43
0.212753 -5.42
0.212753 -5.41
0.212753 -5.4
0.212753 -5.39
0.212753 -5.38
0.212753 -5.37
0.212753 -5.36
0.212753 -5.35
0.212753 -5.34
0.212753 -5.33
0.212753 -5.32
0.212753 -5.31
0.212753 -5.3
0.212753 -5.29
0.212753 -5.28
0.212753 -5.27
0.212753 -5.26
0.212753 -5.25
0.212753 -5.24
0.212753 -5.23
0.212753 -5.22
0.212753 -5.21
0.212753 -5.2
0.212753 -5.19
0.212753 -5.18
0.212753 -5.17
0.212753 -5.16
0.212753 -5.15
0.212753 -5.14
0.212753 -5.13
0.212753 -5.12
0.212753 -5.11
0.212753 -5.1
0.212753 -5.09
0.212753 -5.08
0.212753 -5.07
0.212753 -5.06
0.212753 -5.05
0.212753 -5.04
0.212753 -5.03
0.212753 -5.02
0.212753 -5.01
0.212753 -5
0.212753 -4.99
0.212753 -4.98
0.212754 -4.97
0.212754 -4.96
0.212754 -4.95
0.212754 -4.94
0.212754 -4.93
0.212754 -4.92
0.212754 -4.91
0.212754 -4.9
0.212754 -4.89
0.212754 -4.88
0.212754 -4.87
0.212754 -4.86
0.212754 -4.85
0.212754 -4.84
0.212754 -4.83
0.212754 -4.82
0.212754 -4.81
0.212754 -4.8
0.212754 -4.79
0.212754 -4.78
0.212754 -4.77
0.212754 -4.76
0.212754 -4.75
0.212754 -4.74
0.212754 -4.73
0.212755 -4.72
0.212755 -4.71
0.212755 -4.7
0.212755 -4.69
0.212755 -4.68
0.212755 -4.67
0.212755 -4.66
0.212755 -4.65
0.212755 -4.64
0.212755 -4.63
0.212755 -4.62
0.212755 -4.61
0.212755 -4.6
0.212755 -4.59
0.212755 -4.58
0.212755 -4.57
0.212756 -4.56
0.212756 -4.55
0.212756 -4.54
0.212756 -4.53
0.212756 -4.52
0.212756 -4.51
0.212756 -4.5
0.212756 -4.49
0.212756 -4.48
0.212756 -4.47
0.212756 -4.46
0.212756 -4.45
0.212757 -4.44
0.212757 -4.43
0.212757 -4.42
0.212757 -4.41
0.212757 -4.4
0.212757 -4.39
0.212757 -4.38
0.212757 -4.37
0.212757 -4.36
0.212758 -4.35
0.212758 -4.34
0.212758 -4.33
0.212758 -4.32
0.212758 -4.31
0.212758 -4.3
0.212758 -4.29
0.212758 -4.28
0.212759 -4.27
0.212759 -4.26
0.212759 -4.25
0.212759 -4.24
0.212759 -4.23
0.212759 -4.22
0.21276 -4.21
0.21276 -4.2
0.21276 -4.19
0.21276 -4.18
0.21276 -4.17
0.21276 -4.16
0.212761 -4.15
0.212761 -4.14
0.212761 -4.13
0.212761 -4.12
0.212761 -4.11
0.212762 -4.1
0.212762 -4.09
0.212762 -4.08
0.212762 -4.07
0.212763 -4.06
0.212763 -4.05
0.212763 -4.04
0.212763 -4.03
0.212764 -4.02
0.212764 -4.01
0.212764 -4
0.212764 -3.99
0.212765 -3.98
0.212765 -3.97
0.212765 -3.96
0.212766 -3.95
0.212766 -3.94
0.212766 -3.93
0.212767 -3.92
0.212767 -3.91
0.212767 -3.9
0.212768 -3.89
0.212768 -3.88
0.212768 -3.87
0.212769 -3.86
0.212769 -3.85
0.212769 -3.84
0.21277 -3.83
0.21277 -3.82
0.212771 -3.81
0.212771 -3.8
0.212772 -3.79
0.212772 -3.78
0.212772 -3.77
0.212773 -3.76
0.212773 -3.75
0.212774 -3.74
0.212774 -3.73
0.212775 -3.72
0.212775 -3.71
0.212776 -3.7
0.212777 -3.69
0.212777 -3.68
0.212778 -3.67
0.212778 -3.66
0.212779 -3.65
0.21278 -3.64
0.21278 -3.63
0.212781 -3.62
0.212782 -3.61
0.212782 -3.6
0.212783 -3.59
0.212784 -3.58
0.212784 -3.57
0.212785 -3.56
0.212786 -3.55
0.212787 -3.54
0.212787 -3.53
0.212788 -3.52
0.212789 -3.51
0.21279 -3.5
0.212791 -3.49
0.212792 -3.48
0.212793 -3.47
0.212794 -3.46
0.212795 -3.45
0.212796 -3.44
0.212797 -3.43
0.212798 -3.42
0.212799 -3.41
0.2128 -3.4
0.212801 -3.39
0.212802 -3.38
0.212803 -3.37
0.212804 -3.36
0.212806 -3.35
0.212807 -3.34
0.212808 -3.33
0.212809 -3.32
0.212811 -3.31
0.212812 -3.3
0.212813 -3.29
0.212815 -3.28
0.212816 -3.27
0.212818 -3.26
0.212819 -3.25
0.212821 -3.24
0.212822 -3.23
0.212824 -3.22
0.212826 -3.21
0.212827 -3.2
0.212829 -3.19
0.212831 -3.18
0.212833 -3.17
0.212835 -3.16
0.212837 -3.15
0.212839 -3.14
0.212841 -3.13
0.212843 -3.12
0.212845 -3.11
0.212847 -3.1
0.212849 -3.09
0.212851 -3.08
0.212854 -3.07
0.212856 -3.06
0.212859 -3.05
0.212861 -3.04
0.212864 -3.03
0.212866 -3.02
0.212869 -3.01
0.212872 -3
0.212874 -2.99
0.212877 -2.98
0.21288 -2.97
0.212883 -2.96
0.212886 -2.95
0.212889 -2.94
0.212892 -2.93
0.212896 -2.92
0.212899 -2.91
0.212902 -2.9
0.212906 -2.89
0.212909 -2.88
0.212913 -2.87
0.212917 -2.86
0.212921 -2.85
0.212925 -2.84
0.212929 -2.83
0.212933 -2.82
0.212937 -2.81
0.212941 -2.8
0.212946 -2.79
0.21295 -2.78
0.212955 -2.77
0.21296 -2.76
0.212964 -2.75
0.212969 -2.74
0.212974 -2.73
0.21298 -2.72
0.212985 -2.71
0.21299 -2.7
0.212996 -2.69
0.213001 -2.68
0.213007 -2.67
0.213013 -2.66
0.213019 -2.65
0.213025 -2.64
0.213032 -2.63
0.213038 -2.62
0.213045 -2.61
0.213052 -2.6
0.213059 -2.59
0.213066 -2.58
0.213073 -2.57
0.213081 -2.56
0.213088 -2.55
0.213096 -2.54
0.213104 -2.53
0.213112 -2.52
0.213121 -2.51
0.213129 -2.5
0.213138 -2.49
0.213147 -2.48
0.213156 -2.47
0.213166 -2.46
0.213175 -2.45
0.213185 -2.44
0.213195 -2.43
0.213206 -2.42
0.213216 -2.41
0.213227 -2.4
0.213238 -2.39
0.21325 -2.38
0.213261 -2.37
0.213273 -2.36
0.213285 -2.35
0.213298 -2.34
0.21331 -2.33
0.213323 -2.32
0.213337 -2.31
0.21335 -2.3
0.213364 -2.29
0.213378 -2.28
0.213393 -2.27
0.213408 -2.26
0.213423 -2.25
0.213439 -2.24
0.213455 -2.23
0.213471 -2.22
0.213488 -2.21
0.213505 -2.2
0.213523 -2.19
0.213541 -2.18
0.213559 -2.17
0.213578 -2.16
0.213597 -2.15
0.213617 -2.14
0.213637 -2.13
0.213657 -2.12
0.213678 -2.11
0.2137 -2.1
0.213722 -2.09
0.213745 -2.08
0.213768 -2.07
0.213792 -2.06
0.213816 -2.05
0.213841 -2.04
0.213866 -2.03
0.213892 -2.02
0.213919 -2.01
0.213946 -2
0.213974 -1.99
0.214002 -1.98
0.214031 -1.97
0.214061 -1.96
0.214091 -1.95
0.214123 -1.94
0.214155 -1.93
0.214187 -1.92
0.214221 -1.91
0.214255 -1.9
0.21429 -1.89
0.214326 -1.88
0.214363 -1.87
0.2144 -1.86
0.214439 -1.85
0.214478 -1.84
0.214518 -1.83
0.214559 -1.82
0.214601 -1.81
0.214645 -1.8
0.214689 -1.79
0.214734 -1.78
0.21478 -1.77
0.214827 -1.76
0.214876 -1.75
0.214925 -1.74
0.214976 -1.73
0.215028 -1.72
0.215081 -1.71
0.215135 -1.7
0.215191 -1.69
0.215248 -1.68
0.215306 -1.67
0.215365 -1.66
0.215426 -1.65
0.215489 -1.64
0.215553 -1.63
0.215618 -1.62
0.215685 -1.61
0.215753 -1.6
0.215823 -1.59
0.215895 -1.58
0.215968 -1.57
0.216043 -1.56
0.21612 -1.55
0.216199 -1.54
0.216279 -1.53
0.216362 -1.52
0.216446 -1.51
0.216532 -1.5
0.21662 -1.49
0.216711 -1.48
0.216803 -1.47
0.216898 -1.46
0.216995 -1.45
0.217094 -1.44
0.217195 -1.43
0.217299 -1.42
0.217405 -1.41
0.217514 -1.4
0.217625 -1.39
0.217739 -1.38
0.217855 -1.37
0.217975 -1.36
0.218097 -1.35
0.218221 -1.34
0.218349 -1.33
0.21848 -1.32
0.218614 -1.31
0.218751 -1.3
0.218891 -1.29
0.219035 -1.28
0.219182 -1.27
0.219332 -1.26
0.219486 -1.25
0.219643 -1.24
0.219804 -1.23
0.219969 -1.22
0.220138 -1.21
0.220311 -1.2
0.220488 -1.19
0.220669 -1.18
0.220854 -1.17
0.221044 -1.16
0.221238 -1.15
0.221436 -1.14
0.22164 -1.13
0.221848 -1.12
0.222061 -1.11
0.222279 -1.1
0.222502 -1.09
0.22273 -1.08
0.222964 -1.07
0.223203 -1.06
0.223448 -1.05
0.223699 -1.04
0.223956 -1.03
0.224218 -1.02
0.224487 -1.01
0.224762 -1
0.225044 -0.99
0.225332 -0.98
0.225627 -0.97
0.225929 -0.96
0.226239 -0.95
0.226555 -0.94
0.226879 -0.93
0.227211 -0.92
0.22755 -0.91
0.227898 -0.9
0.228253 -0.89
0.228618 -0.88
0.22899 -0.87
0.229372 -0.86
0.229763 -0.85
0.230162 -0.84
0.230572 -0.83
0.230991 -0.82
0.23142 -0.81
0.231859 -0.8
0.232308 -0.79
0.232769 -0.78
0.23324 -0.77
0.233722 -0.76
0.234216 -0.75
0.234721 -0.74
0.235239 -0.73
0.235769 -0.72
0.236311 -0.71
0.236866 -0.7
0.237435 -0.69
0.238017 -0.68
0.238613 -0.67
0.239223 -0.66
0.239847 -0.65
0.240487 -0.64
0.241142 -0.63
0.241812 -0.62
0.242498 -0.61
0.243201 -0.6
0.24392 -0.59
0.244657 -0.58
0.245411 -0.57
0.246183 -0.56
0.246974 -0.55
0.247783 -0.54
0.248612 -0.53
0.249461 -0.52
0.250329 -0.51
0.251219 -0.5
0.25213 -0.49
0.253063 -0.48
0.254018 -0.47
0.254995 -0.46
0.255997 -0.45
0.257022 -0.44
0.258071 -0.43
0.259146 -0.42
0.260246 -0.41
0.261373 -0.4
0.262527 -0.39
0.263708 -0.38
0.264918 -0.37
0.266156 -0.36
0.267424 -0.35
0.268722 -0.34
0.270052 -0.33
0.271413 -0.32
0.272806 -0.31
0.274233 -0.3
0.275694 -0.29
0.27719 -0.28
0.278721 -0.27
0.280289 -0.26
0.281894 -0.25
0.283538 -0.24
0.28522 -0.23
0.286943 -0.22
0.288706 -0.21
0.290511 -0.2
0.292359 -0.19
0.29425 -0.18
0.296187 -0.17
0.298169 -0.16
0.300198 -0.15
0.302274 -0.14
0.304399 -0.13
0.306575 -0.12
0.308801 -0.11
0.311079 -0.1
0.31341 -0.09
0.315796 -0.08
0.318237 -0.07
0.320735 -0.06
0.323291 -0.05
0.325905 -0.04
0.32858 -0.03
0.331316 -0.02
0.334114 -0.01
0.336976 0
0.339904 0.01
0.342897 0.02
0.345958 0.03
0.349088 0.04
0.352288 0.05
0.355559 0.06
0.358903 0.07
0.36232 0.08
0.365812 0.09
0.369381 0.1
0.373027 0.11
0.376752 0.12
0.380557 0.13
0.384443 0.14
0.388411 0.15
0.392462 0.16
0.396599 0.17
0.40082 0.18
0.405129 0.19
0.409526 0.2
0.414011 0.21
0.418586 0.22
0.423253 0.23
0.42801 0.24
0.432861 0.25
0.437804 0.26
0.442842 0.27
0.447975 0.28
0.453203 0.29
0.458526 0.3
0.463947 0.31
0.469464 0.32
0.475079 0.33
0.480791 0.34
0.486601 0.35
0.492508 0.36
0.498514 0.37
0.504617 0.38
0.510818 0.39
0.517117 0.4
0.523513 0.41
0.530005 0.42
0.536593 0.43
0.543277 0.44
0.550056 0.45
0.556929 0.46
0.563894 0.47
0.570952 0.48
0.578101 0.49
0.585339 0.5
0.592666 0.51
0.60008 0.52
0.607579 0.53
0.615163 0.54
0.622828 0.55
0.630575 0.56
0.6384 0.57
0.646302 0.58
0.654279 0.59
0.66233 0.6
0.670451 0.61
0.678641 0.62
0.686899 0.63
0.695221 0.64
0.703606 0.65
0.712051 0.66
0.720555 0.67
0.729115 0.68
0.737729 0.69
0.746395 0.7
0.755111 0.71
0.763874 0.72
0.772683 0.73
0.781536 0.74
0.790431 0.75
0.799365 0.76
0.808337 0.77
0.817346 0.78
0.826388 0.79
0.835464 0.8
0.844571 0.81
0.853707 0.82
0.862871 0.83
0.872062 0.84
0.881279 0.85
0.890519 0.86
0.899783 0.87
0.909068 0.88
0.918374 0.89
0.927701 0.9
0.937046 0.91
0.946409 0.92
0.955789 0.93
0.965186 0.94
0.974599 0.95
0.984027 0.96
0.99347 0.97
1.00293 0.98
1.0124 0.99
1.02188 1
1.03138 1.01
1.04088 1.02
1.0504 1.03
1.05994 1.04
1.06948 1.05
1.07903 1.06
1.0886 1.07
1.09817 1.08
1.10775 1.09
1.11735 1.1
1.12695 1.11
1.13656 1.12
1.14618 1.13
1.15581 1.14
1.16545 1.15
1.1751 1.16
1.18475 1.17
1.19442 1.18
1.20409 1.19
1.21376 1.2
1.22345 1.21
1.23314 1.22
1.24284 1.23
1.25255 1.24
1.26226 1.25
1.27198 1.26
1.28171 1.27
1.29144 1.28
1.30118 1.29
1.31092 1.3
1.32067 1.31
1.33043 1.32
1.34019 1.33
1.34996 1.34
1.35973 1.35
1.36951 1.36
1.37929 1.37
1.38908 1.38
1.39887 1.39
1.40867 1.4
1.41847 1.41
1.42828 1.42
1.43809 1.43
1.44791 1.44
1.45773 1.45
1.46755 1.46
1.47738 1.47
1.48721 1.48
1.49704 1.49
1.50688 1.5
1.51673 1.51
1.52657 1.52
1.53642 1.53
1.54628 1.54
1.55613 1.55
1.56599 1.56
1.57586 1.57
1.58572 1.58
1.59559 1.59
1.60547 1.6
1.61534 1.61
1.62522 1.62
1.6351 1.63
1.64498 1.64
1.65487 1.65
1.66476 1.66
1.67465 1.67
1.68454 1.68
1.69444 1.69
1.70434 1.7
1.71424 1.71
1.72414 1.72
1.73405 1.73
1.74396 1.74
1.75387 1.75
1.76378 1.76
1.77369 1.77
1.78361 1.78
1.79353 1.79
1.80345 1.8
1.81337 1.81
1.82329 1.82
1.83322 1.83
1.84314 1.84
1.85307 1.85
1.863 1.86
1.87293 1.87
1.88287 1.88
1.8928 1.89
1.90274 1.9
1.91267 1.91
1.92261 1.92
1.93255 1.93
1.9425 1.94
1.95244 1.95
1.96238 1.96
1.97233 1.97
1.98228 1.98
1.99222 1.99
2.00217 2
2.01212 2.01
2.02208 2.02
2.03203 2.03
2.04198 2.04
2.05194 2.05
2.06189 2.06
2.07185 2.07
2.08181 2.08
2.09177 2.09
2.10173 2.1
2.11169 2.11
2.12165 2.12
2.13161 2.13
2.14157 2.14
2.15154 2.15
2.1615 2.16
2.17147 2.17
2.18144 2.18
2.1914 2.19
2.20137 2.2
2.21134 2.21
2.22131 2.22
2.23128 2.23
2.24125 2.24
2.25122 2.25
2.26119 2.26
2.27117 2.27
2.28114 2.28
2.29111 2.29
2.30109 2.3
2.31106 2.31
2.32104 2.32
2.33102 2.33
2.34099 2.34
2.35097 2.35
2.36095 2.36
2.37093 2.37
2.38091 2.38
2.39088 2.39
2.40086 2.4
2.41085 2.41
2.42083 2.42
2.43081 2.43
2.44079 2.44
2.45077 2.45
2.46075 2.46
2.47074 2.47
2.48072 2.48
2.4907 2.49
2.50069 2.5
2.51067 2.51
2.52066 2.52
2.53064 2.53
2.54063 2.54
2.55061 2.55
2.5606 2.56
2.57058 2.57
2.58057 2.58
2.59056 2.59
2.60055 2.6
2.61053 2.61
2.62052 2.62
2.63051 2.63
2.6405 2.64
2.65049 2.65
2.66048 2.66
2.67046 2.67
2.68045 2.68
2.69044 2.69
2.70043 2.7
2.71042 2.71
2.72041 2.72
2.7304 2.73
2.7404 2.74
2.75039 2.75
2.76038 2.76
2.77037 2.77
2.78036 2.78
2.79035 2.79
2.80034 2.8
2.81034 2.81
2.82033 2.82
2.83032 2.83
2.84031 2.84
2.85031 2.85
2.8603 2.86
2.87029 2.87
2.88029 2.88
2.89028 2.89
2.90027 2.9
2.91027 2.91
2.92026 2.92
2.93026 2.93
2.94025 2.94
2.95024 2.95
2.96024 2.96
2.97023 2.97
2.98023 2.98
2.99022 2.99
3.00022 3
3.01021 3.01
3.02021 3.02
3.0302 3.03
3.0402 3.04
3.05019 3.05
3.06019 3.06
3.07018 3.07
3.08018 3.08
3.09018 3.09
3.10017 3.1
3.11017 3.11
3.12016 3.12
3.13016 3.13
3.14016 3.14
3.15015 3.15
3.16015 3.16
3.17015 3.17
3.18014 3.18
3.19014 3.19
3.20014 3.2
3.21013 3.21
3.22013 3.22
3.23013 3.23
3.24012 3.24
3.25012 3.25
3.26012 3.26
3.27012 3.27
3.28011 3.28
3.29011 3.29
3.30011 3.3
3.31011 3.31
3.3201 3.32
3.3301 3.33
3.3401 3.34
3.3501 3.35
3.36009 3.36
3.37009 3.37
3.38009 3.38
3.39009 3.39
3.40009 3.4
3.41008 3.41
3.42008 3.42
3.43008 3.43
3.44008 3.44
3.45008 3.45
3.46008 3.46
3.47007 3.47
3.48007 3.48
3.49007 3.49
3.50007 3.5
3.51007 3.51
3.52007 3.52
3.53006 3.53
3.54006 3.54
3.55006 3.55
3.56006 3.56
3.57006 3.57
3.58006 3.58
3.59006 3.59
3.60005 3.6
3.61005 3.61
3.62005 3.62
3.63005 3.63
3.64005 3.64
3.65005 3.65
3.66005 3.66
3.67005 3.67
3.68005 3.68
3.69004 3.69
3.70004 3.7
3.71004 3.71
3.72004 3.72
3.73004 3.73
3.74004 3.74
3.75004 3.75
3.76004 3.76
3.77004 3.77
3.78004 3.78
3.79004 3.79
3.80003 3.8
3.81003 3.81
3.82003 3.82
3.83003 3.83
3.84003 3.84
3.85003 3.85
3.86003 3.86
3.87003 3.87
3.88003 3.88
3.89003 3.89
3.90003 3.9
3.91003 3.91
3.92003 3.92
3.93003 3.93
3.94002 3.94
3.95002 3.95
3.96002 3.96
3.97002 3.97
3.98002 3.98
3.99002 3.99
4.00002 4
4.01002 4.01
4.02002 4.02
4.03002 4.03
4.04002 4.04
4.05002 4.05
4.06002 4.06
4.07002 4.07
4.08002 4.08
4.09002 4.09
4.10002 4.1
4.11002 4.11
4.12002 4.12
4.13002 4.13
4.14002 4.14
4.15002 4.15
4.16002 4.16
4.17001 4.17
4.18001 4.18
4.19001 4.19
4.20001 4.2
4.21001 4.21
4.22001 4.22
4.23001 4.23
4.24001 4.24
4.25001 4.25
4.26001 4.26
4.27001 4.27
4.28001 4.28
4.29001 4.29
4.30001 4.3
4.31001 4.31
4.32001 4.32
4.33001 4.33
4.34001 4.34
4.35001 4.35
4.36001 4.36
4.37001 4.37
4.38001 4.38
4.39001 4.39
4.40001 4.4
4.41001 4.41
4.42001 4.42
4.43001 4.43
4.44001 4.44
4.45001 4.45
4.46001 4.46
4.47001 4.47
4.48001 4.48
4.49001 4.49
4.50001 4.5
4.51001 4.51
4.52001 4.52
4.53001 4.53
4.54001 4.54
4.55001 4.55
4.56001 4.56
4.57001 4.57
4.58001 4.58
4.59001 4.59
4.60001 4.6
4.61001 4.61
4.62001 4.62
4.63001 4.63
4.64 4.64
4.65 4.65
4.66 4.66
4.67 4.67
4.68 4.68
4.69 4.69
4.7 4.7
4.71 4.71
4.72 4.72
4.73 4.73
4.74 4.74
4.75 4.75
4.76 4.76
4.77 4.77
4.78 4.78
4.79 4.79
4.8 4.8
4.81 4.81
4.82 4.82
4.83 4.83
4.84 4.84
4.85 4.85
4.86 4.86
4.87 4.87
4.88 4.88
4.89 4.89
4.9 4.9
4.91 4.91
4.92 4.92
4.93 4.93
4.94 4.94
4.95 4.95
4.96 4.96
4.97 4.97
4.98 4.98
4.99 4.99
5 5
5.01 5.01
5.02 5.02
5.03 5.03
5.04 5.04
5.05 5.05
5.06 5.06
5.07 5.07
5.08 5.08
5.09 5.09
5.1 5.1
5.11 5.11
5.12 5.12
5.13 5.13
5.14 5.14
5.15 5.15
5.16 5.16
5.17 5.17
5.18 5.18
5.19 5.19
5.2 5.2
5.21 5.21
5.22 5.22
5.23 5.23
5.24 5.24
5.25 5.25
5.26 5.26
5.27 5.27
5.28 5.28
5.29 5.29
5.3 5.3
5.31 5.31
5.32 5.32
5.33 5.33
5.34 5.34
5.35 5.35
5.36 5.36
5.37 5.37
5.38 5.38
5.39 5.39
5.4 5.4
5.41 5.41
5.42 5.42
5.43 5.43
5.44 5.44
5.45 5.45
5.46 5.46
5.47 5.47
5.48 5.48
5.49 5.49
5.5 5.5
5.51 5.51
5.52 5.52
5.53 5.53
5.54 5.54
5.55 5.55
5.56 5.56
5.57 5.57
5.58 5.58
5.59 5.59
5.6 5.6
5.61 5.61
5.62 5.62
5.63 5.63
5.64 5.64
5.65 5.65
5.66 5.66
5.67 5.67
5.68 5.68
5.69 5.69
5.7 5.7
5.71 5.71
5.72 5.72
5.73 5.73
5.74 5.74
5.75 5.75
5.76 5.76
5.77 5.77
5.78 5.78
5.79 5.79
5.8 5.8
5.81 5.81
5.82 5.82
5.83 5.83
5.84 5.84
5.85 5.85
5.86 5.86
5.87 5.87
5.88 5.88
5.89 5.89
5.9 5.9
5.91 5.91
5.92 5.92
5.93 5.93
5.94 5.94
5.95 5.95
5.96 5.96
5.97 5.97
5.98 5.98
5.99 5.99
6 6
6.01 6.01
6.02 6.02
6.03 6.03
6.04 6.04
6.05 6.05
6.06 6.06
6.07 6.07
6.08 6.08
6.09 6.09
6.1 6.1
6.11 6.11
6.12 6.12
6.13 6.13
6.14 6.14
6.15 6.15
6.16 6.16
6.17 6.17
6.18 6.18
6.19 6.19
6.2 6.2
6.21 6.21
6.22 6.22
6.23 6.23
6.24 6.24
6.25 6.25
6.26 6.26
6.27 6.27
6.28 6.28
6.29 6.29
6.3 6.3
6.31 6.31
6.32 6.32
6.33 6.33
6.34 6.34
6.35 6.35
6.36 6.36
6.37 6.37
6.38 6.38
6.39 6.39
6.4 6.4
6.41 6.41
6.42 6.42
6.43 6.43
6.44 6.44
6.45 6.45
6.46 6.46
6.47 6.47
6.48 6.48
6.49 6.49
6.5 6.5
6.51 6.51
6.52 6.52
6.53 6.53
6.54 6.54
6.55 6.55
6.56 6.56
6.57 6.57
6.58 6.58
6.59 6.59
6.6 6.6
6.61 6.61
6.62 6.62
6.63 6.63
6.64 6.64
6.65 6.65
6.66 6.66
6.67 6.67
6.68 6.68
6.69 6.69
6.7 6.7
6.71 6.71
6.72 6.72
6.73 6.73
6.74 6.74
6.75 6.75
6.76 6.76
6.77 6.77
6.78 6.78
6.79 6.79
6.8 6.8
6.81 6.81
6.82 6.82
6.83 6.83
6.84 6.84
6.85 6.85
6.86 6.86
6.87 6.87
6.88 6.88
6.89 6.89
6.9 6.9
6.91 6.91
6.92 6.92
6.93 6.93
6.94 6.94
6.95 6.95
6.96 6.96
6.97 6.97
6.98 6.98
6.99 6.99
7 7
7.01 7.01
7.02 7.02
7.03 7.03
7.04 7.04
7.05 7.05
7.06 7.06
7.07 7.07
7.08 7.08
7.09 7.09
7.1 7.1
7.11 7.11
7.12 7.12
7.13 7.13
7.14 7.14
7.15 7.15
7.16 7.16
7.17 7.17
7.18 7.18
7.19 7.19
7.2 7.2
7.21 7.21
7.22 7.22
7.23 7.23
7.24 7.24
7.25 7.25
7.26 7.26
7.27 7.27
7.28 7.28
7.29 7.29
7.3 7.3
7.31 7.31
7.32 7.32
7.33 7.33
7.34 7.34
7.35 7.35
7.36 7.36
7.37 7.37
7.38 7.38
7.39 7.39
7.4 7.4
7.41 7.41
7.42 7.42
7.43 7.43
7.44 7.44
7.45 7.45
7.46 7.46
7.47 7.47
7.48 7.48
7.49 7.49
7.5 7.5
7.51 7.51
7.52 7.52
7.53 7.53
7.54 7.54
7.55 7.55
7.56 7.56
7.57 7.57
7.58 7.58
7.59 7.59
7.6 7.6
7.61 7.61
7.62 7.62
7.63 7.63
7.64 7.64
7.65 7.65
7.66 7.66
7.67 7.67
7.68 7.68
7.69 7.69
7.7 7.7
7.71 7.71
7.72 7.72
7.73 7.73
7.74 7.74
7.75 7.75
7.76 7.76
7.77 7.77
7.78 7.78
7.79 7.79
7.8 7.8
7.81 7.81
7.82 7.82
7.83 7.83
7.84 7.84
7.85 7.85
7.86 7.86
7.87 7.87
7.88 7.88
7.89 7.89
7.9 7.9
7.91 7.91
7.92 7.92
7.93 7.93
7.94 7.94
7.95 7.95
7.96 7.96
7.97 7.97
7.98 7.98
7.99 7.99
8 8
8.01 8.01
8.02 8.02
8.03 8.03
8.04 8.04
8.05 8.05
8.06 8.06
8.07 8.07
8.08 8.08
8.09 8.09
8.1 8.1
8.11 8.11
8.12 8.12
8.13 8.13
8.14 8.14
8.15 8.15
8.16 8.16
8.17 8.17
8.18 8.18
8.19 8.19
8.2 8.2
8.21 8.21
8.22 8.22
8.23 8.23
8.24 8.24
8.25 8.25
8.26 8.26
8.27 8.27
8.28 8.28
8.29 8.29
8.3 8.3
8.31 8.31
8.32 8.32
8.33 8.33
8.34 8.34
8.35 8.35
8.36 8.36
8.37 8.37
8.38 8.38
8.39 8.39
8.4 8.4
8.41 8.41
8.42 8.42
8.43 8.43
8.44 8.44
8.45 8.45
8.46 8.46
8.47 8.47
8.48 8.48
8.49 8.49
8.5 8.5
8.51 8.51
8.52 8.52
8.53 8.53
8.54 8.54
8.55 8.55
8.56 8.56
8.57 8.57
8.58 8.58
8.59 8.59
8.6 8.6
8.61 8.61
8.62 8.62
8.63 8.63
8.64 8.64
8.65 8.65
8.66 8.66
8.67 8.67
8.68 8.68
8.69 8.69
8.7 8.7
8.71 8.71
8.72 8.72
8.73 8.73
8.74 8.74
8.75 8.75
8.76 8.76
8.77 8.77
8.78 8.78
8.79 8.79
8.8 8.8
8.81 8.81
8.82 8.82
8.83 8.83
8.84 8.84
8.85 8.85
8.86 8.86
8.87 8.87
8.88 8.88
8.89 8.89
8.9 8.9
8.91 8.91
8.92 8.92
8.93 8.93
8.94 8.94
8.95 8.95
8.96 8.96
8.97 8.97
8.98 8.98
8.99 8.99
