0 -30
0 -29.99
0 -29.98
0 -29.97
0 -29.96
0 -29.95
0 -29.94
0 -29.93
0 -29.92
0 -29.91
0 -29.9
0 -29.89
0 -29.88
0 -29.87
0 -29.86
0 -29.85
0 -29.84
0 -29.83
0 -29.82
0 -29.81
0 -29.8
0 -29.79
0 -29.78
0 -29.77
0 -29.76
0 -29.75
0 -29.74
0 -29.73
0 -29.72
0 -29.71
0 -29.7
0 -29.69
0 -29.68
0 -29.67
0 -29.66
0 -29.65
0 -29.64
0 -29.63
0 -29.62
0 -29.61
0 -29.6
0 -29.59
0 -29.58
0 -29.57
0 -29.56
0 -29.55
0 -29.54
0 -29.53
0 -29.52
0 -29.51
0 -29.5
0 -29.49
0 -29.48
0 -29.47
0 -29.46
0 -29.45
0 -29.44
0 -29.43
0 -29.42
0 -29.41
0 -29.4
0 -29.39
0 -29.38
0 -29.37
0 -29.36
0 -29.35
0 -29.34
0 -29.33
0 -29.32
0 -29.31
0 -29.3
0 -29.29
0 -29.28
0 -29.27
0 -29.26
0 -29.25
0 -29.24
0 -29.23
0 -29.22
0 -29.21
0 -29.2
0 -29.19
0 -29.18
0 -29.17
0 -29.16
0 -29.15
0 -29.14
0 -29.13
0 -29.12
0 -29.11
0 -29.1
0 -29.09
0 -29.08
0 -29.07
0 -29.06
0 -29.05
0 -29.04
0 -29.03
0 -29.02
0 -29.01
0 -29
0 -28.99
0 -28.98
0 -28.97
0 -28.96
0 -28.95
0 -28.94
0 -28.93
0 -28.92
0 -28.91
0 -28.9
0 -28.89
0 -28.88
0 -28.87
0 -28.86
0 -28.85
0 -28.84
0 -28.83
0 -28.82
0 -28.81
0 -28.8
0 -28.79
0 -28.78
0 -28.77
0 -28.76
0 -28.75
0 -28.74
0 -28.73
0 -28.72
0 -28.71
0 -28.7
0 -28.69
0 -28.68
0 -28.67
0 -28.66
0 -28.65
0 -28.64
0 -28.63
0 -28.62
0 -28.61
0 -28.6
0 -28.59
0 -28.58
0 -28.57
0 -28.56
0 -28.55
0 -28.54
0 -28.53
0 -28.52
0 -28.51
0 -28.5
0 -28.49
0 -28.48
0 -28.47
0 -28.46
0 -28.45
0 -28.44
0 -28.43
0 -28.42
0 -28.41
0 -28.4
0 -28.39
0 -28.38
0 -28.37
0 -28.36
0 -28.35
0 -28.34
0 -28.33
0 -28.32
0 -28.31
0 -28.3
0 -28.29
0 -28.28
0 -28.27
0 -28.26
0 -28.25
0 -28.24
0 -28.23
0 -28.22
0 -28.21
0 -28.2
0 -28.19
0 -28.18
0 -28.17
0 -28.16
0 -28.15
0 -28.14
0 -28.13
0 -28.12
0 -28.11
0 -28.1
0 -28.09
0 -28.08
0 -28.07
0 -28.06
0 -28.05
0 -28.04
0 -28.03
0 -28.02
0 -28.01
0 -28
0 -27.99
0 -27.98
0 -27.97
0 -27.96
0 -27.95
0 -27.94
0 -27.93
0 -27.92
0 -27.91
0 -27.9
0 -27.89
0 -27.88
0 -27.87
0 -27.86
0 -27.85
0 -27.84
0 -27.83
0 -27.82
0 -27.81
0 -27.8
0 -27.79
0 -27.78
0 -27.77
0 -27.76
0 -27.75
0 -27.74
0 -27.73
0 -27.72
0 -27.71
0 -27.7
0 -27.69
0 -27.68
0 -27.67
0 -27.66
0 -27.65
0 -27.64
0 -27.63
0 -27.62
0 -27.61
0 -27.6
0 -27.59
0 -27.58
0 -27.57
0 -27.56
0 -27.55
0 -27.54
0 -27.53
0 -27.52
0 -27.51
0 -27.5
0 -27.49
0 -27.48
0 -27.47
0 -27.46
0 -27.45
0 -27.44
0 -27.43
0 -27.42
0 -27.41
0 -27.4
0 -27.39
0 -27.38
0 -27.37
0 -27.36
0 -27.35
0 -27.34
0 -27.33
0 -27.32
0 -27.31
0 -27.3
0 -27.29
0 -27.28
0 -27.27
0 -27.26
0 -27.25
0 -27.24
0 -27.23
0 -27.22
0 -27.21
0 -27.2
0 -27.19
0 -27.18
0 -27.17
0 -27.16
0 -27.15
0 -27.14
0 -27.13
0 -27.12
0 -27.11
0 -27.1
0 -27.09
0 -27.08
0 -27.07
0 -27.06
0 -27.05
0 -27.04
0 -27.03
0 -27.02
0 -27.01
0 -27
0 -26.99
0 -26.98
0 -26.97
0 -26.96
0 -26.95
0 -26.94
0 -26.93
0 -26.92
0 -26.91
0 -26.9
0 -26.89
0 -26.88
0 -26.87
0 -26.86
0 -26.85
0 -26.84
0 -26.83
0 -26.82
0 -26.81
0 -26.8
0 -26.79
0 -26.78
0 -26.77
0 -26.76
0 -26.75
0 -26.74
0 -26.73
0 -26.72
0 -26.71
0 -26.7
0 -26.69
0 -26.68
0 -26.67
0 -26.66
0 -26.65
0 -26.64
0 -26.63
0 -26.62
0 -26.61
0 -26.6
0 -26.59
0 -26.58
0 -26.57
0 -26.56
0 -26.55
0 -26.54
0 -26.53
0 -26.52
0 -26.51
0 -26.5
0 -26.49
0 -26.48
0 -26.47
0 -26.46
0 -26.45
0 -26.44
0 -26.43
0 -26.42
0 -26.41
0 -26.4
0 -26.39
0 -26.38
0 -26.37
0 -26.36
0 -26.35
0 -26.34
0 -26.33
0 -26.32
0 -26.31
0 -26.3
0 -26.29
0 -26.28
0 -26.27
0 -26.26
0 -26.25
0 -26.24
0 -26.23
0 -26.22
0 -26.21
0 -26.2
0 -26.19
0 -26.18
0 -26.17
0 -26.16
0 -26.15
0 -26.14
0 -26.13
0 -26.12
0 -26.11
0 -26.1
0 -26.09
0 -26.08
0 -26.07
0 -26.06
0 -26.05
0 -26.04
0 -26.03
0 -26.02
0 -26.01
0 -26
0 -25.99
0 -25.98
0 -25.97
0 -25.96
0 -25.95
0 -25.94
0 -25.93
0 -25.92
0 -25.91
0 -25.9
0 -25.89
0 -25.88
0 -25.87
0 -25.86
0 -25.85
0 -25.84
0 -25.83
0 -25.82
0 -25.81
0 -25.8
0 -25.79
0 -25.78
0 -25.77
0 -25.76
0 -25.75
0 -25.74
0 -25.73
0 -25.72
0 -25.71
0 -25.7
0 -25.69
0 -25.68
0 -25.67
0 -25.66
0 -25.65
0 -25.64
0 -25.63
0 -25.62
0 -25.61
0 -25.6
0 -25.59
0 -25.58
0 -25.57
0 -25.56
0 -25.55
0 -25.54
0 -25.53
0 -25.52
0 -25.51
0 -25.5
0 -25.49
0 -25.48
0 -25.47
0 -25.46
0 -25.45
0 -25.44
0 -25.43
0 -25.42
0 -25.41
0 -25.4
0 -25.39
0 -25.38
0 -25.37
0 -25.36
0 -25.35
0 -25.34
0 -25.33
0 -25.32
0 -25.31
0 -25.3
0 -25.29
0 -25.28
0 -25.27
0 -25.26
0 -25.25
0 -25.24
0 -25.23
0 -25.22
0 -25.21
0 -25.2
0 -25.19
0 -25.18
0 -25.17
0 -25.16
0 -25.15
0 -25.14
0 -25.13
0 -25.12
0 -25.11
0 -25.1
0 -25.09
0 -25.08
0 -25.07
0 -25.06
0 -25.05
0 -25.04
0 -25.03
0 -25.02
0 -25.01
0 -25
0 -24.99
0 -24.98
0 -24.97
0 -24.96
0 -24.95
0 -24.94
0 -24.93
0 -24.92
0 -24.91
0 -24.9
0 -24.89
0 -24.88
0 -24.87
0 -24.86
0 -24.85
0 -24.84
0 -24.83
0 -24.82
0 -24.81
0 -24.8
0 -24.79
0 -24.78
0 -24.77
0 -24.76
0 -24.75
0 -24.74
0 -24.73
0 -24.72
0 -24.71
0 -24.7
0 -24.69
0 -24.68
0 -24.67
0 -24.66
0 -24.65
0 -24.64
0 -24.63
0 -24.62
0 -24.61
0 -24.6
0 -24.59
0 -24.58
0 -24.57
0 -24.56
0 -24.55
0 -24.54
0 -24.53
0 -24.52
0 -24.51
0 -24.5
0 -24.49
0 -24.48
0 -24.47
0 -24.46
0 -24.45
0 -24.44
0 -24.43
0 -24.42
0 -24.41
0 -24.4
0 -24.39
0 -24.38
0 -24.37
0 -24.36
0 -24.35
0 -24.34
0 -24.33
0 -24.32
0 -24.31
0 -24.3
0 -24.29
0 -24.28
0 -24.27
0 -24.26
0 -24.25
0 -24.24
0 -24.23
0 -24.22
0 -24.21
0 -24.2
0 -24.19
0 -24.18
0 -24.17
0 -24.16
0 -24.15
0 -24.14
0 -24.13
0 -24.12
0 -24.11
0 -24.1
0 -24.09
0 -24.08
0 -24.07
0 -24.06
0 -24.05
0 -24.04
0 -24.03
0 -24.02
0 -24.01
0 -24
0 -23.99
0 -23.98
0 -23.97
0 -23.96
0 -23.95
0 -23.94
0 -23.93
0 -23.92
0 -23.91
0 -23.9
0 -23.89
0 -23.88
0 -23.87
0 -23.86
0 -23.85
0 -23.84
0 -23.83
0 -23.82
0 -23.81
0 -23.8
0 -23.79
0 -23.78
0 -23.77
0 -23.76
0 -23.75
0 -23.74
0 -23.73
0 -23.72
0 -23.71
0 -23.7
0 -23.69
0 -23.68
0 -23.67
0 -23.66
0 -23.65
0 -23.64
0 -23.63
0 -23.62
0 -23.61
0 -23.6
0 -23.59
0 -23.58
0 -23.57
0 -23.56
0 -23.55
0 -23.54
0 -23.53
0 -23.52
0 -23.51
0 -23.5
0 -23.49
0 -23.48
0 -23.47
0 -23.46
0 -23.45
0 -23.44
0 -23.43
0 -23.42
0 -23.41
0 -23.4
0 -23.39
0 -23.38
0 -23.37
0 -23.36
0 -23.35
0 -23.34
0 -23.33
0 -23.32
0 -23.31
0 -23.3
0 -23.29
0 -23.28
0 -23.27
0 -23.26
0 -23.25
0 -23.24
0 -23.23
0 -23.22
0 -23.21
0 -23.2
0 -23.19
0 -23.18
0 -23.17
0 -23.16
0 -23.15
0 -23.14
0 -23.13
0 -23.12
0 -23.11
0 -23.1
0 -23.09
0 -23.08
0 -23.07
0 -23.06
0 -23.05
0 -23.04
0 -23.03
0 -23.02
0 -23.01
0 -23
0 -22.99
0 -22.98
0 -22.97
0 -22.96
0 -22.95
0 -22.94
0 -22.93
0 -22.92
0 -22.91
0 -22.9
0 -22.89
0 -22.88
0 -22.87
0 -22.86
0 -22.85
0 -22.84
0 -22.83
0 -22.82
0 -22.81
0 -22.8
0 -22.79
0 -22.78
0 -22.77
0 -22.76
0 -22.75
0 -22.74
0 -22.73
0 -22.72
0 -22.71
0 -22.7
0 -22.69
0 -22.68
0 -22.67
0 -22.66
0 -22.65
0 -22.64
0 -22.63
0 -22.62
0 -22.61
0 -22.6
0 -22.59
0 -22.58
0 -22.57
0 -22.56
0 -22.55
0 -22.54
0 -22.53
0 -22.52
0 -22.51
0 -22.5
0 -22.49
0 -22.48
0 -22.47
0 -22.46
0 -22.45
0 -22.44
0 -22.43
0 -22.42
0 -22.41
0 -22.4
0 -22.39
0 -22.38
0 -22.37
0 -22.36
0 -22.35
0 -22.34
0 -22.33
0 -22.32
0 -22.31
0 -22.3
0 -22.29
0 -22.28
0 -22.27
0 -22.26
0 -22.25
0 -22.24
0 -22.23
0 -22.22
0 -22.21
0 -22.2
0 -22.19
0 -22.18
0 -22.17
0 -22.16
0 -22.15
0 -22.14
0 -22.13
0 -22.12
0 -22.11
0 -22.1
0 -22.09
0 -22.08
0 -22.07
0 -22.06
0 -22.05
0 -22.04
0 -22.03
0 -22.02
0 -22.01
0 -22
0 -21.99
0 -21.98
0 -21.97
0 -21.96
0 -21.95
0 -21.94
0 -21.93
0 -21.92
0 -21.91
0 -21.9
0 -21.89
0 -21.88
0 -21.87
0 -21.86
0 -21.85
0 -21.84
0 -21.83
0 -21.82
0 -21.81
0 -21.8
0 -21.79
0 -21.78
0 -21.77
0 -21.76
0 -21.75
0 -21.74
0 -21.73
0 -21.72
0 -21.71
0 -21.7
0 -21.69
0 -21.68
0 -21.67
0 -21.66
0 -21.65
0 -21.64
0 -21.63
0 -21.62
0 -21.61
0 -21.6
0 -21.59
0 -21.58
0 -21.57
0 -21.56
0 -21.55
0 -21.54
0 -21.53
0 -21.52
0 -21.51
0 -21.5
0 -21.49
0 -21.48
0 -21.47
0 -21.46
0 -21.45
0 -21.44
0 -21.43
0 -21.42
0 -21.41
0 -21.4
0 -21.39
0 -21.38
0 -21.37
0 -21.36
0 -21.35
0 -21.34
0 -21.33
0 -21.32
0 -21.31
0 -21.3
0 -21.29
0 -21.28
0 -21.27
0 -21.26
0 -21.25
0 -21.24
0 -21.23
0 -21.22
0 -21.21
0 -21.2
0 -21.19
0 -21.18
0 -21.17
0 -21.16
0 -21.15
0 -21.14
0 -21.13
0 -21.12
0 -21.11
0 -21.1
0 -21.09
0 -21.08
0 -21.07
0 -21.06
0 -21.05
0 -21.04
0 -21.03
0 -21.02
0 -21.01
0 -21
0 -20.99
0 -20.98
0 -20.97
0 -20.96
0 -20.95
0 -20.94
0 -20.93
0 -20.92
0 -20.91
0 -20.9
0 -20.89
0 -20.88
0 -20.87
0 -20.86
0 -20.85
0 -20.84
0 -20.83
0 -20.82
0 -20.81
0 -20.8
0 -20.79
0 -20.78
0 -20.77
0 -20.76
0 -20.75
0 -20.74
0 -20.73
0 -20.72
0 -20.71
0 -20.7
0 -20.69
0 -20.68
0 -20.67
0 -20.66
0 -20.65
0 -20.64
0 -20.63
0 -20.62
0 -20.61
0 -20.6
0 -20.59
0 -20.58
0 -20.57
0 -20.56
0 -20.55
0 -20.54
0 -20.53
0 -20.52
0 -20.51
0 -20.5
0 -20.49
0 -20.48
0 -20.47
0 -20.46
0 -20.45
0 -20.44
0 -20.43
0 -20.42
0 -20.41
0 -20.4
0 -20.39
0 -20.38
0 -20.37
0 -20.36
0 -20.35
0 -20.34
0 -20.33
0 -20.32
0 -20.31
0 -20.3
0 -20.29
0 -20.28
0 -20.27
0 -20.26
0 -20.25
0 -20.24
0 -20.23
0 -20.22
0 -20.21
0 -20.2
0 -20.19
0 -20.18
0 -20.17
0 -20.16
0 -20.15
0 -20.14
0 -20.13
0 -20.12
0 -20.11
0 -20.1
0 -20.09
0 -20.08
0 -20.07
0 -20.06
0 -20.05
0 -20.04
0 -20.03
0 -20.02
0 -20.01
0 -20
0 -19.99
0 -19.98
0 -19.97
0 -19.96
0 -19.95
0 -19.94
0 -19.93
0 -19.92
0 -19.91
0 -19.9
0 -19.89
0 -19.88
0 -19.87
0 -19.86
0 -19.85
0 -19.84
0 -19.83
0 -19.82
0 -19.81
0 -19.8
0 -19.79
0 -19.78
0 -19.77
0 -19.76
0 -19.75
0 -19.74
0 -19.73
0 -19.72
0 -19.71
0 -19.7
0 -19.69
0 -19.68
0 -19.67
0 -19.66
0 -19.65
0 -19.64
0 -19.63
0 -19.62
0 -19.61
0 -19.6
0 -19.59
0 -19.58
0 -19.57
-0.0140125 -19.56
-0.0345879 -19.55
-0.0556831 -19.54
-0.0773379 -19.53
-0.0995971 -19.52
-0.122511 -19.51
-0.146135 -19.5
-0.170534 -19.49
-0.195779 -19.48
-0.221955 -19.47
-0.249155 -19.46
-0.277491 -19.45
-0.307091 -19.44
-0.338108 -19.43
-0.370722 -19.42
-0.40515 -19.41
-0.441656 -19.4
-0.480565 -19.39
-0.522286 -19.38
-0.567337 -19.37
-0.616397 -19.36
-0.670372 -19.35
-0.730515 -19.34
-0.798626 -19.33
-0.877425 -19.32
-0.971313 -19.31
-1.08813 -19.3
-1.24403 -19.29
-1.48211 -19.28
-2.02505 -19.27
-1.86844 -19.26
-1.44378 -19.25
-1.23705 -19.24
-1.10029 -19.23
-0.998543 -19.22
-0.917879 -19.21
-0.851312 -19.2
-0.794837 -19.19
-0.745943 -19.18
-0.702954 -19.17
-0.664692 -19.16
-0.630298 -19.15
-0.59913 -19.14
-0.570691 -19.13
-0.544589 -19.12
-0.520513 -19.11
-0.498208 -19.1
-0.477465 -19.09
-0.517845 -19.08
-0.562525 -19.07
-0.611134 -19.06
-0.664552 -19.05
-0.723989 -19.04
-0.791173 -19.03
-0.868705 -19.02
-0.960759 -19.01
-1.07468 -19
-1.22532 -18.99
-1.45093 -18.98
-1.92678 -18.97
-1.95094 -18.96
-1.47232 -18.95
-1.25415 -18.94
-1.11241 -18.93
-1.00789 -18.92
-0.925449 -18.91
-0.857649 -18.9
-0.800269 -18.89
-0.750683 -18.88
-0.707146 -18.87
-0.749208 -18.86
-0.820062 -18.85
-0.902649 -18.84
-1.00211 -18.83
-1.12791 -18.82
-1.30077 -18.81
-1.58289 -18.8
-2.55745 -18.79
-1.69777 -18.78
-1.37303 -18.77
-1.19273 -18.76
-1.06822 -18.75
-0.973549 -18.74
-0.897486 -18.73
-0.860137 -18.72
-0.95043 -18.71
-1.0616 -18.7
-1.20734 -18.69
-1.42178 -18.68
-1.84652 -18.67
-2.05316 -18.66
-1.50294 -18.65
-1.27199 -18.64
-1.12492 -18.63
-1.01746 -18.62
-0.982105 -18.61
-1.10198 -18.6
-1.26353 -18.59
-1.51562 -18.58
-2.15192 -18.57
-1.79929 -18.56
-1.41707 -18.55
-1.22064 -18.54
-1.08852 -18.53
-1.11329 -18.52
-1.27965 -18.51
-1.54417 -18.5
-2.28807 -18.49
-1.75133 -18.48
-1.39699 -18.47
-1.20804 -18.46
-1.15805 -18.45
-1.34535 -18.44
-1.67042 -18.43
-2.72349 -18.42
-1.60889 -18.41
-1.32964 -18.4
-1.19003 -18.39
-1.39439 -18.38
-1.77866 -18.37
-2.18745 -18.36
-1.53597 -18.35
-1.29065 -18.34
-1.3656 -18.33
-1.71335 -18.32
-2.41403 -18.31
-1.57627 -18.3
-1.31257 -18.29
-1.48211 -18.28
-2.02505 -18.27
-1.86844 -18.26
-1.44378 -18.25
-1.44045 -18.24
-1.89682 -18.23
-1.98423 -18.22
-1.48285 -18.21
-1.50854 -18.2
-2.12273 -18.19
-1.81259 -18.18
-1.42241 -18.17
-1.7294 -18.16
-2.3429 -18.15
-1.56543 -18.14
-1.62372 -18.13
-3.31896 -18.12
-1.65181 -18.11
-1.6253 -18.1
-3.40334 -18.09
-1.6502 -18.08
-1.71985 -18.07
-2.38347 -18.06
-1.5718 -18.05
-1.9795 -18.04
-1.90247 -18.03
-1.66216 -18.02
-2.82706 -18.01
-1.61586 -18
-2.18399 -17.99
-1.78608 -17.98
-1.92678 -17.97
-1.95094 -17.96
-1.83532 -17.95
-2.07138 -17.94
-1.82142 -17.93
-2.09583 -17.92
-1.87084 -17.91
-2.01747 -17.9
-2.00303 -17.89
-1.88411 -17.88
-2.33136 -17.87
-1.73978 -17.86
-2.66219 -17.85
-1.89914 -17.84
-1.98148 -17.83
-2.54434 -17.82
-1.82308 -17.81
-2.09279 -17.8
-2.55745 -17.79
-1.8993 -17.78
-1.98128 -17.77
-2.75182 -17.76
-2.22248 -17.75
-1.88999 -17.74
-1.99254 -17.73
-2.37114 -17.72
-3.05465 -17.71
-2.27833 -17.7
-2.04883 -17.69
-1.92383 -17.68
-1.95401 -17.67
-2.05316 -17.66
-2.14299 -17.65
-2.21254 -17.64
-2.24962 -17.63
-2.24684 -17.62
-2.20662 -17.61
-2.13942 -17.6
-2.05742 -17.59
-2.00457 -17.58
-2.15192 -17.57
-2.41936 -17.56
-3.71543 -17.55
-2.42274 -17.54
-2.09227 -17.53
-2.28095 -17.52
-3.98588 -17.51
-2.24253 -17.5
-2.28807 -17.49
-2.86731 -17.48
-2.10194 -17.47
-3.22226 -17.46
-2.16124 -17.45
-3.44715 -17.44
-2.16954 -17.43
-2.72349 -17.42
-2.48701 -17.41
-2.22463 -17.4
-2.70449 -17.39
-2.88086 -17.38
-2.4046 -17.37
-2.22736 -17.36
-2.31541 -17.35
-2.42364 -17.34
-2.48582 -17.33
-2.48103 -17.32
-2.41403 -17.31
-2.31008 -17.3
-2.38067 -17.29
-2.70691 -17.28
-3.1838 -17.27
-2.43491 -17.26
-2.59049 -17.25
-2.85002 -17.24
-2.45898 -17.23
-2.86229 -17.22
-2.6438 -17.21
-2.47365 -17.2
-3.06654 -17.19
-2.994 -17.18
-2.64153 -17.17
-2.52647 -17.16
-2.50627 -17.15
-2.56345 -17.14
-2.73384 -17.13
-3.31896 -17.12
-2.8719 -17.11
-2.4917 -17.1
-3.40334 -17.09
-2.5491 -17.08
-4.33525 -17.07
-2.68013 -17.06
-2.60656 -17.05
-2.85245 -17.04
-3.0455 -17.03
-3.02834 -17.02
-2.82706 -17.01
-2.59619 -17
-2.90345 -16.99
-3.07876 -16.98
-2.76498 -16.97
-2.88345 -16.96
-3.93341 -16.95
-3.01834 -16.94
-2.90511 -16.93
-3.00083 -16.92
-3.61187 -16.91
-3.00278 -16.9
-2.81974 -16.89
-3.14177 -16.88
-3.19107 -16.87
-2.84476 -16.86
-2.77962 -16.85
-2.86551 -16.84
-3.25219 -16.83
-3.13892 -16.82
-2.98792 -16.81
-2.90818 -16.8
-3.24252 -16.79
-3.34057 -16.78
-3.0635 -16.77
-2.87011 -16.76
-3.9762 -16.75
-3.01479 -16.74
-2.8418 -16.73
-2.85091 -16.72
-3.05465 -16.71
-3.78107 -16.7
-3.01264 -16.69
-2.97621 -16.68
-3.01114 -16.67
-2.97325 -16.66
-4.15591 -16.65
-3.01366 -16.64
-2.99854 -16.63
-2.95269 -16.62
-3.38611 -16.61
-3.1081 -16.6
-3.48746 -16.59
-3.38749 -16.58
-2.99742 -16.57
-3.88955 -16.56
-3.71543 -16.55
-4.72983 -16.54
-3.13168 -16.53
-3.82807 -16.52
-3.98588 -16.51
-3.23795 -16.5
-3.9005 -16.49
-3.55319 -16.48
-4.03896 -16.47
-3.22226 -16.46
-3.13034 -16.45
-3.44715 -16.44
-3.27778 -16.43
-3.33317 -16.42
-3.32652 -16.41
-3.2883 -16.4
-3.1911 -16.39
-4.8171 -16.38
-3.89732 -16.37
-3.54498 -16.36
-4.76335 -16.35
-3.67335 -16.34
-3.67835 -16.33
-4.02518 -16.32
-3.27246 -16.31
-3.2913 -16.3
-4.18164 -16.29
-3.99076 -16.28
-3.45038 -16.27
-3.56499 -16.26
-3.48874 -16.25
-3.32754 -16.24
-3.68408 -16.23
-3.37037 -16.22
-3.43576 -16.21
-4.11587 -16.2
-4.73682 -16.19
-3.71355 -16.18
-3.91134 -16.17
-3.79867 -16.16
-4.26755 -16.15
-3.58375 -16.14
-3.45829 -16.13
-3.6292 -16.12
-4.2705 -16.11
-3.72349 -16.1
-3.56563 -16.09
-3.66303 -16.08
-4.33525 -16.07
-3.65477 -16.06
-4.38471 -16.05
-3.66595 -16.04
-3.58302 -16.03
-3.70233 -16.02
-3.75691 -16.01
-3.75325 -16
-3.72252 -15.99
-3.69623 -15.98
-3.69849 -15.97
-3.75602 -15.96
-3.93341 -15.95
-4.84306 -15.94
-3.85383 -15.93
-4.01639 -15.92
-3.70725 -15.91
-3.87809 -15.9
-3.7728 -15.89
-3.99581 -15.88
-3.79679 -15.87
-3.85019 -15.86
-3.89986 -15.85
-3.86273 -15.84
-3.7607 -15.83
-5.00346 -15.82
-4.66088 -15.81
-3.87699 -15.8
-4.01589 -15.79
-3.88659 -15.78
-4.02846 -15.77
-3.99633 -15.76
-3.9762 -15.75
-4.13782 -15.74
-4.79151 -15.73
-4.88906 -15.72
-4.32148 -15.71
-3.97411 -15.7
-4.04223 -15.69
-4.73404 -15.68
-4.40266 -15.67
-4.14035 -15.66
-4.15591 -15.65
-4.64788 -15.64
-4.10585 -15.63
-4.8284 -15.62
-4.5138 -15.61
-4.07778 -15.6
-4.01631 -15.59
-5.60852 -15.58
-5.966 -15.57
-4.16835 -15.56
-6.66034 -15.55
-4.72983 -15.54
-5.43205 -15.53
-4.50951 -15.52
-4.14197 -15.51
-4.1946 -15.5
-4.37907 -15.49
-4.32195 -15.48
-4.1639 -15.47
-4.58597 -15.46
-4.63469 -15.45
-4.23258 -15.44
-4.25078 -15.43
-4.43684 -15.42
-4.27184 -15.41
-4.52565 -15.4
-4.67105 -15.39
-4.8171 -15.38
-6.38936 -15.37
-4.43486 -15.36
-4.76335 -15.35
-4.60133 -15.34
-4.65615 -15.33
-4.72367 -15.32
-4.71173 -15.31
-4.53034 -15.3
-4.39923 -15.29
-5.94088 -15.28
-4.3074 -15.27
-4.62597 -15.26
-4.45184 -15.25
-6.19686 -15.24
-4.6411 -15.23
-4.62683 -15.22
-4.82497 -15.21
-5.02987 -15.2
-4.73682 -15.19
-4.53319 -15.18
-4.42347 -15.17
-5.64558 -15.16
-4.64654 -15.15
-4.4404 -15.14
-4.75625 -15.13
-4.68897 -15.12
-4.79062 -15.11
-4.80354 -15.1
-5.29222 -15.09
-4.66293 -15.08
-4.75748 -15.07
-4.56006 -15.06
-4.70801 -15.05
-4.65836 -15.04
-4.53978 -15.03
-4.55029 -15.02
-5.06535 -15.01
-4.8578 -15
-4.64861 -14.99
-5.23539 -14.98
-5.66862 -14.97
-4.65014 -14.96
-4.70026 -14.95
-4.84306 -14.94
-5.79799 -14.93
-5.21345 -14.92
-4.69967 -14.91
-5.49156 -14.9
-6.38544 -14.89
-4.7276 -14.88
-5.96552 -14.87
-4.79874 -14.86
-4.96657 -14.85
-4.89129 -14.84
-5.01086 -14.83
-5.00346 -14.82
-4.88048 -14.81
-5.38999 -14.8
-5.4122 -14.79
-6.0871 -14.78
-5.67617 -14.77
-5.13882 -14.76
-4.84831 -14.75
-4.87857 -14.74
-4.8877 -14.73
-4.88906 -14.72
-5.10212 -14.71
-5.59611 -14.7
-4.95544 -14.69
-5.12505 -14.68
-4.95296 -14.67
-5.70955 -14.66
-5.55185 -14.65
-5.9331 -14.64
-5.04596 -14.63
-5.11054 -14.62
-5.06805 -14.61
-5.56505 -14.6
-5.03926 -14.59
-5.60852 -14.58
-5.966 -14.57
-5.05465 -14.56
-6.66034 -14.55
-6.77355 -14.54
-5.43205 -14.53
-5.30422 -14.52
-5.71042 -14.51
-5.32926 -14.5
-5.08243 -14.49
-5.83423 -14.48
-5.34 -14.47
-5.27369 -14.46
-5.13274 -14.45
-5.92527 -14.44
-5.65164 -14.43
-5.20737 -14.42
-5.64579 -14.41
-5.58921 -14.4
-5.27685 -14.39
-5.65113 -14.38
-6.38936 -14.37
-6.28698 -14.36
-5.2917 -14.35
-5.87876 -14.34
-5.95572 -14.33
-5.42503 -14.32
-5.56616 -14.31
-5.52867 -14.3
-5.61997 -14.29
-5.94088 -14.28
-5.92063 -14.27
-5.4054 -14.26
-5.49098 -14.25
-6.19686 -14.24
-5.35278 -14.23
-5.47158 -14.22
-5.58165 -14.21
-6.12865 -14.2
-5.81292 -14.19
-5.45299 -14.18
-5.62434 -14.17
-5.64558 -14.16
-6.39186 -14.15
-5.94274 -14.14
-5.53713 -14.13
-6.01195 -14.12
-5.65215 -14.11
-5.68385 -14.1
-5.80498 -14.09
-5.66197 -14.08
-5.78832 -14.07
-5.57813 -14.06
-5.87273 -14.05
-5.74096 -14.04
-6.72504 -14.03
-6.6631 -14.02
-5.60354 -14.01
-5.62174 -14
-5.89678 -13.99
-6.19467 -13.98
-5.66862 -13.97
-5.63075 -13.96
-6.21118 -13.95
-6.72528 -13.94
-5.79799 -13.93
-5.79367 -13.92
-5.68528 -13.91
-5.96589 -13.9
-6.38544 -13.89
-5.73581 -13.88
-5.96552 -13.87
-6.72946 -13.86
-6.14687 -13.85
-5.79779 -13.84
-5.9058 -13.83
-6.084 -13.82
-6.07959 -13.81
-6.18476 -13.8
-6.2772 -13.79
-6.0871 -13.78
-5.96485 -13.77
-5.98924 -13.76
-5.97395 -13.75
-5.88276 -13.74
-5.88413 -13.73
-5.88121 -13.72
-6.36044 -13.71
-6.73882 -13.7
-6.3371 -13.69
-6.54374 -13.68
-5.99927 -13.67
-6.279 -13.66
-6.41464 -13.65
-5.9331 -13.64
-6.59478 -13.63
-6.01177 -13.62
-6.54678 -13.61
-6.24854 -13.6
-6.15514 -13.59
-6.3957 -13.58
-6.03028 -13.57
-6.02478 -13.56
-6.66034 -13.55
-6.77355 -13.54
-7.61789 -13.53
-6.37487 -13.52
-6.71278 -13.51
-6.33962 -13.5
-6.97883 -13.49
-6.76356 -13.48
-6.64084 -13.47
-6.19752 -13.46
-6.56425 -13.45
-6.51525 -13.44
-6.16249 -13.43
-6.30104 -13.42
-6.27875 -13.41
-6.82885 -13.4
-7.43711 -13.39
-6.43428 -13.38
-6.38936 -13.37
-6.28698 -13.36
-6.59501 -13.35
-6.86633 -13.34
-7.28697 -13.33
-6.44336 -13.32
-6.29948 -13.31
-6.54568 -13.3
-6.54524 -13.29
-6.94738 -13.28
-6.71879 -13.27
-7.85392 -13.26
-6.47283 -13.25
-6.51352 -13.24
-6.78301 -13.23
-6.65261 -13.22
-7.76263 -13.21
-6.93721 -13.2
-6.85142 -13.19
-6.6166 -13.18
-7.51573 -13.17
-7.05009 -13.16
-6.44358 -13.15
-6.44892 -13.14
-7.65808 -13.13
-6.58801 -13.12
-6.87753 -13.11
-7.62997 -13.1
-6.63272 -13.09
-6.65249 -13.08
-6.54874 -13.07
-6.81827 -13.06
-6.90655 -13.05
-7.48869 -13.04
-6.72504 -13.03
-6.6631 -13.02
-6.56446 -13.01
-6.65593 -13
-6.68031 -12.99
-6.91704 -12.98
-6.91684 -12.97
-6.87995 -12.96
-6.88015 -12.95
-6.72528 -12.94
-6.68186 -12.93
-6.709 -12.92
-6.85664 -12.91
-6.67757 -12.9
-8.03977 -12.89
-6.71571 -12.88
-6.91018 -12.87
-6.72946 -12.86
-7.26368 -12.85
-7.03233 -12.84
-6.84554 -12.83
-6.96732 -12.82
-6.87772 -12.81
-7.51434 -12.8
-6.85289 -12.79
-6.79135 -12.78
-6.89732 -12.77
-7.0494 -12.76
-6.83184 -12.75
-6.92707 -12.74
-6.84991 -12.73
-6.96691 -12.72
-6.92091 -12.71
-7.0495 -12.7
-7.14955 -12.69
-7.5773 -12.68
-7.90073 -12.67
-7.51647 -12.66
-7.00267 -12.65
-7.77918 -12.64
-7.63872 -12.63
-7.15917 -12.62
-7.20002 -12.61
-7.07981 -12.6
-7.17447 -12.59
-7.99417 -12.58
-7.12848 -12.57
-7.40252 -12.56
-7.5807 -12.55
-7.70944 -12.54
-7.61789 -12.53
-7.202 -12.52
-7.7371 -12.51
-7.24571 -12.5
-7.20391 -12.49
-8.06305 -12.48
-7.16329 -12.47
-8.0367 -12.46
-7.48372 -12.45
-8.1739 -12.44
-7.38028 -12.43
-7.15267 -12.42
-7.50795 -12.41
-7.91601 -12.4
-7.4371 -12.39
-7.65303 -12.38
-7.57284 -12.37
-7.70577 -12.36
-7.94433 -12.35
-7.75842 -12.34
-7.28697 -12.33
-7.68836 -12.32
-7.28717 -12.31
-7.39975 -12.3
-7.49272 -12.29
-8.01836 -12.28
-7.9662 -12.27
-7.85391 -12.26
-7.32383 -12.25
-7.62135 -12.24
-7.71418 -12.23
-7.37063 -12.22
-7.76264 -12.21
-7.52816 -12.2
-7.56657 -12.19
-8.35813 -12.18
-7.51573 -12.17
-7.96858 -12.16
-7.64257 -12.15
-7.73373 -12.14
-7.65809 -12.13
-7.55864 -12.12
-8.14902 -12.11
-7.62996 -12.1
-7.48305 -12.09
-7.56755 -12.08
-7.55456 -12.07
-7.56106 -12.06
-8.62708 -12.05
-7.5689 -12.04
-7.85124 -12.03
-8.00692 -12.02
-8.32277 -12.01
-8.39845 -12
-8.50517 -11.99
-7.7568 -11.98
-7.7007 -11.97
-7.78301 -11.96
-7.88059 -11.95
-9.21052 -11.94
-7.64465 -11.93
-7.82179 -11.92
-8.15991 -11.91
-8.284 -11.9
-8.03974 -11.89
-7.8802 -11.88
-8.61715 -11.87
-8.00368 -11.86
-7.79282 -11.85
-7.74913 -11.84
-8.40978 -11.83
-9.43587 -11.82
-8.12584 -11.81
-8.44278 -11.8
-8.1795 -11.79
-8.7831 -11.78
-8.99435 -11.77
-8.36293 -11.76
-8.2893 -11.75
-9.05673 -11.74
-8.36841 -11.73
-8.23049 -11.72
-8.05732 -11.71
-8.11243 -11.7
-8.05627 -11.69
-9.28455 -11.68
-7.9007 -11.67
-8.24653 -11.66
-8.59692 -11.65
-8.15273 -11.64
-9.83169 -11.63
-8.81783 -11.62
-8.50046 -11.61
-8.50689 -11.6
-8.43833 -11.59
-7.99422 -11.58
-8.20943 -11.57
-9.66953 -11.56
-8.15324 -11.55
-9.13916 -11.54
-8.24148 -11.53
-8.04793 -11.52
-9.10896 -11.51
-8.27043 -11.5
-8.34855 -11.49
-8.11216 -11.48
-8.33111 -11.47
-8.19091 -11.46
-8.6429 -11.45
-8.17379 -11.44
-8.67485 -11.43
-9.02969 -11.42
-8.4977 -11.41
-8.82827 -11.4
-8.47256 -11.39
-8.42313 -11.38
-8.87879 -11.37
-8.28851 -11.36
-9.1155 -11.35
-8.2531 -11.34
-8.2771 -11.33
-8.66647 -11.32
-8.42969 -11.31
-8.46473 -11.3
-9.34783 -11.29
-9.13006 -11.28
-9.14712 -11.27
-8.38336 -11.26
-9.12228 -11.25
-8.36146 -11.24
-9.04735 -11.23
-8.6217 -11.22
-9.50351 -11.21
-8.41287 -11.2
-8.71283 -11.19
-8.41816 -11.18
-8.80354 -11.17
-8.53495 -11.16
-9.70946 -11.15
-8.45611 -11.14
-10.4854 -11.13
-9.0177 -11.12
-9.93814 -11.11
-8.52665 -11.1
-9.33585 -11.09
-9.00263 -11.08
-8.61673 -11.07
-8.58924 -11.06
-8.62634 -11.05
-8.56344 -11.04
-8.60845 -11.03
-8.82196 -11.02
-9.10403 -11.01
-8.8446 -11
-8.66391 -10.99
-8.70535 -10.98
-9.49323 -10.97
-8.78146 -10.96
-8.87456 -10.95
-9.21418 -10.94
-9.39794 -10.93
-8.81218 -10.92
-8.72158 -10.91
-9.04599 -10.9
-9.1455 -10.89
-9.07274 -10.88
-8.79314 -10.87
-8.72767 -10.86
-9.11441 -10.85
-9.03289 -10.84
-9.6307 -10.83
-9.42788 -10.82
-9.30872 -10.81
-9.74469 -10.8
-10.1982 -10.79
-8.79285 -10.78
-8.99764 -10.77
-8.91774 -10.76
-9.01409 -10.75
-9.0608 -10.74
-8.86057 -10.73
-9.73703 -10.72
-9.38301 -10.71
-9.3559 -10.7
-9.09139 -10.69
-9.29248 -10.68
-10.0027 -10.67
-9.14112 -10.66
-9.92675 -10.65
-10.1294 -10.64
-9.86396 -10.63
-9.13791 -10.62
-9.02713 -10.61
-9.02545 -10.6
-9.23297 -10.59
-9.7378 -10.58
-9.84184 -10.57
-9.69543 -10.56
-9.18426 -10.55
-9.14699 -10.54
-9.67591 -10.53
-11.1734 -10.52
-9.10127 -10.51
-9.62644 -10.5
-9.27623 -10.49
-9.34997 -10.48
-9.8256 -10.47
-9.76018 -10.46
-9.11705 -10.45
-9.12719 -10.44
-9.17272 -10.43
-9.32345 -10.42
-9.42631 -10.41
-9.85007 -10.4
-9.19252 -10.39
-9.83751 -10.38
-10.4957 -10.37
-9.7984 -10.36
-9.33046 -10.35
-9.48688 -10.34
-9.2735 -10.33
-9.88161 -10.32
-9.42545 -10.31
-9.78951 -10.3
-9.32606 -10.29
-9.5012 -10.28
-9.49357 -10.27
-9.66662 -10.26
-9.62949 -10.25
-9.47635 -10.24
-10.2974 -10.23
-9.54911 -10.22
-9.4667 -10.21
-9.39509 -10.2
-9.64039 -10.19
-9.50275 -10.18
-10.2074 -10.17
-9.73188 -10.16
-9.78683 -10.15
-9.677 -10.14
-12.1834 -10.13
-9.5535 -10.12
-9.82322 -10.11
-9.55296 -10.1
-9.61613 -10.09
-9.51601 -10.08
-10.0345 -10.07
-10.337 -10.06
-10.54 -10.05
-9.55201 -10.04
-10.0087 -10.03
-9.62126 -10.02
-9.72519 -10.01
-9.82075 -10
-11.5147 -9.99
-9.8324 -9.98
-9.86484 -9.97
-9.65728 -9.96
-10.1933 -9.95
-10.0611 -9.94
-9.94207 -9.93
-9.87209 -9.92
-9.71815 -9.91
-10.0224 -9.9
-10.1654 -9.89
-10.0828 -9.88
-10.1982 -9.87
-10.5322 -9.86
-10.1911 -9.85
-9.95105 -9.84
-10.1811 -9.83
-10.0793 -9.82
-9.85668 -9.81
-9.96379 -9.8
-11.0168 -9.79
-10.0145 -9.78
-10.5434 -9.77
-9.93012 -9.76
-9.8743 -9.75
-9.97371 -9.74
-11.1713 -9.73
-10.0111 -9.72
-10.3167 -9.71
-10.888 -9.7
-10.1069 -9.69
-9.98712 -9.68
-11.4987 -9.67
-10.1098 -9.66
-10.6377 -9.65
-10.2269 -9.64
-10.5045 -9.63
-10.2368 -9.62
-10.2645 -9.61
-10.4787 -9.6
-10.1688 -9.59
-10.0216 -9.58
-10.1962 -9.57
-10.1096 -9.56
-10.3044 -9.55
-10.717 -9.54
-10.1073 -9.53
-10.2983 -9.52
-10.2679 -9.51
-10.4461 -9.5
-10.3123 -9.49
-10.527 -9.48
-10.743 -9.47
-10.7526 -9.46
-11.1735 -9.45
-10.8644 -9.44
-10.439 -9.43
-10.7308 -9.42
-10.2197 -9.41
-10.3184 -9.4
-10.5716 -9.39
-10.2429 -9.38
-10.4822 -9.37
-10.4276 -9.36
-10.2224 -9.35
-11.7864 -9.34
-10.3205 -9.33
-11.1587 -9.32
-10.353 -9.31
-10.3469 -9.3
-10.4304 -9.29
-10.4554 -9.28
-10.366 -9.27
-10.5161 -9.26
-11.2404 -9.25
-10.716 -9.24
-10.4066 -9.23
-10.9482 -9.22
-11.4604 -9.21
-10.4843 -9.2
-10.6517 -9.19
-10.4295 -9.18
-10.4604 -9.17
-10.5115 -9.16
-11.6865 -9.15
-10.468 -9.14
-10.5032 -9.13
-10.6531 -9.12
-10.9707 -9.11
-10.6354 -9.1
-11.1211 -9.09
-11.363 -9.08
-10.5557 -9.07
-10.56 -9.06
-11.1381 -9.05
-10.6509 -9.04
-10.5754 -9.03
-10.9121 -9.02
-10.5868 -9.01
-10.5791 -9
-10.7131 -8.99
-11.5316 -8.98
-11.0723 -8.97
-10.6695 -8.96
-11.2224 -8.95
-11.3131 -8.94
-11.5243 -8.93
-12.0175 -8.92
-11.387 -8.91
-10.8076 -8.9
-11.1921 -8.89
-10.7471 -8.88
-10.8935 -8.87
-11.5634 -8.86
-11.0339 -8.85
-10.871 -8.84
-10.8765 -8.83
-10.9113 -8.82
-11.6681 -8.81
-10.9519 -8.8
-11.3903 -8.79
-11.2392 -8.78
-11.2836 -8.77
-11.2859 -8.76
-10.9497 -8.75
-11.7971 -8.74
-12.3808 -8.73
-11.0883 -8.72
-11.3128 -8.71
-10.9332 -8.7
-10.9216 -8.69
-11.2733 -8.68
-11.3357 -8.67
-11.4764 -8.66
-11.075 -8.65
-11.8616 -8.64
-11.2139 -8.63
-11.1237 -8.62
-10.9733 -8.61
-11.7353 -8.6
-11.9077 -8.59
-12.0224 -8.58
-11.2252 -8.57
-12.3563 -8.56
-11.0321 -8.55
-12.3403 -8.54
-12.0628 -8.53
-11.7605 -8.52
-11.2109 -8.51
-11.7722 -8.5
-12.6194 -8.49
-11.5669 -8.48
-11.5431 -8.47
-11.2871 -8.46
-12.0584 -8.45
-11.2892 -8.44
-11.8717 -8.43
-11.3449 -8.42
-11.3587 -8.41
-11.9089 -8.4
-11.53 -8.39
-11.7404 -8.38
-11.3472 -8.37
-11.6483 -8.36
-11.4242 -8.35
-11.4556 -8.34
-11.508 -8.33
-11.6004 -8.32
-11.8774 -8.31
-11.4182 -8.3
-11.7392 -8.29
-12.6392 -8.28
-11.8516 -8.27
-11.4021 -8.26
-12.024 -8.25
-12.0945 -8.24
-12.0989 -8.23
-11.8998 -8.22
-13.0812 -8.21
-11.5267 -8.2
-11.4863 -8.19
-12.0301 -8.18
-12.0552 -8.17
-11.5237 -8.16
-11.6301 -8.15
-12.1467 -8.14
-12.0678 -8.13
-11.5065 -8.12
-11.7067 -8.11
-11.9831 -8.1
-11.551 -8.09
-12.5463 -8.08
-13.1788 -8.07
-11.7697 -8.06
-11.5835 -8.05
-11.7369 -8.04
-11.6193 -8.03
-12.2759 -8.02
-12.3792 -8.01
-11.8827 -8
-11.6429 -7.99
-11.7089 -7.98
-11.6801 -7.97
-11.7837 -7.96
-11.8706 -7.95
-11.8215 -7.94
-12.0062 -7.93
-12.456 -7.92
-11.6733 -7.91
-11.9824 -7.9
-12.1837 -7.89
-12.4198 -7.88
-11.8391 -7.87
-11.7771 -7.86
-11.9167 -7.85
-12.524 -7.84
-11.9506 -7.83
-12.5326 -7.82
-11.9322 -7.81
-12.3189 -7.8
-11.8876 -7.79
-11.8136 -7.78
-11.8788 -7.77
-12.1777 -7.76
-11.992 -7.75
-12.1001 -7.74
-11.9152 -7.73
-12.8042 -7.72
-12.2229 -7.71
-11.9545 -7.7
-12.7682 -7.69
-11.9704 -7.68
-11.9106 -7.67
-12.2586 -7.66
-12.6078 -7.65
-13.2086 -7.64
-12.0333 -7.63
-12.7713 -7.62
-12.1547 -7.61
-12.2619 -7.6
-13.2637 -7.59
-12.1133 -7.58
-12.0183 -7.57
-12.3996 -7.56
-12.8 -7.55
-12.3159 -7.54
-12.1676 -7.53
-12.223 -7.52
-12.9368 -7.51
-13.4574 -7.5
-12.1806 -7.49
-12.392 -7.48
-12.2557 -7.47
-12.3855 -7.46
-12.5406 -7.45
-12.2992 -7.44
-12.1719 -7.43
-12.1682 -7.42
-12.4304 -7.41
-12.6643 -7.4
-13.0277 -7.39
-12.719 -7.38
-12.7579 -7.37
-12.8832 -7.36
-12.3584 -7.35
-12.49 -7.34
-14.1054 -7.33
-12.3947 -7.32
-14.1421 -7.31
-12.6349 -7.3
-12.6316 -7.29
-12.755 -7.28
-12.7907 -7.27
-12.5395 -7.26
-12.8169 -7.25
-12.3677 -7.24
-12.446 -7.23
-12.4839 -7.22
-12.4115 -7.21
-12.4152 -7.2
-12.5207 -7.19
-12.8 -7.18
-12.928 -7.17
-13.2526 -7.16
-12.7864 -7.15
-12.5216 -7.14
-12.5251 -7.13
-13.1085 -7.12
-13.0297 -7.11
-12.4764 -7.1
-12.9311 -7.09
-12.6976 -7.08
-12.5682 -7.07
-12.5223 -7.06
-12.9823 -7.05
-13.2938 -7.04
-13.1382 -7.03
-12.6419 -7.02
-14.026 -7.01
-12.8898 -7
-12.9604 -6.99
-12.8747 -6.98
-12.9103 -6.97
-12.8495 -6.96
-12.7367 -6.95
-13.1782 -6.94
-12.8441 -6.93
-12.9852 -6.92
-13.608 -6.91
-13.6528 -6.9
-12.735 -6.89
-12.7048 -6.88
-12.7925 -6.87
-13.0957 -6.86
-13.0108 -6.85
-12.8321 -6.84
-13.1082 -6.83
-12.774 -6.82
-12.8597 -6.81
-13.2826 -6.8
-12.8466 -6.79
-13.1192 -6.78
-12.8786 -6.77
-12.9526 -6.76
-13.5404 -6.75
-13.1185 -6.74
-12.9599 -6.73
-13.4987 -6.72
-13.0406 -6.71
-13.2393 -6.7
-13.8044 -6.69
-13.3845 -6.68
-13.0999 -6.67
-13.2091 -6.66
-13.2833 -6.65
-13.1879 -6.64
-13.2544 -6.63
-13.0399 -6.62
-13.0481 -6.61
-13.1803 -6.6
-13.5323 -6.59
-14.4064 -6.58
-14.9168 -6.57
-13.526 -6.56
-13.3048 -6.55
-13.1703 -6.54
-13.0671 -6.53
-14.113 -6.52
-13.8725 -6.51
-13.154 -6.5
-13.7383 -6.49
-13.3655 -6.48
-13.3691 -6.47
-13.6742 -6.46
-13.2741 -6.45
-13.3902 -6.44
-14.6058 -6.43
-13.583 -6.42
-14.1557 -6.41
-13.4827 -6.4
-13.3048 -6.39
-13.5238 -6.38
-13.2814 -6.37
-13.3267 -6.36
-13.4145 -6.35
-13.289 -6.34
-13.4572 -6.33
-13.2979 -6.32
-13.8116 -6.31
-13.7866 -6.3
-13.3502 -6.29
-13.9794 -6.28
-13.3156 -6.27
-15.0183 -6.26
-13.6025 -6.25
-14.2791 -6.24
-13.8242 -6.23
-13.6218 -6.22
-13.5794 -6.21
-13.6663 -6.2
-14.4192 -6.19
-13.8246 -6.18
-13.4107 -6.17
-13.7515 -6.16
-13.4451 -6.15
-14.0208 -6.14
-13.7913 -6.13
-13.7077 -6.12
-13.6094 -6.11
-13.486 -6.1
-13.5233 -6.09
-13.9865 -6.08
-14.9462 -6.07
-14.6698 -6.06
-14.2285 -6.05
-14.1261 -6.04
-14.1437 -6.03
-14.2043 -6.02
-14.5329 -6.01
-13.6518 -6
-13.7201 -5.99
-13.9521 -5.98
-14.7865 -5.97
-14.4264 -5.96
-13.7152 -5.95
-14.3493 -5.94
-14.8624 -5.93
-14.3153 -5.92
-13.6899 -5.91
-15.4782 -5.9
-13.7718 -5.89
-13.7414 -5.88
-13.9654 -5.87
-14.182 -5.86
-14.645 -5.85
-13.9383 -5.84
-13.7642 -5.83
-14.6162 -5.82
-13.8936 -5.81
-14.2209 -5.8
-15.1738 -5.79
-14.2648 -5.78
-14.5653 -5.77
-15.1098 -5.76
-14.2988 -5.75
-14.3352 -5.74
-14.0332 -5.73
-13.9745 -5.72
-13.9748 -5.71
-14.3765 -5.7
-13.957 -5.69
-14.5093 -5.68
-14.2368 -5.67
-14.1187 -5.66
-14.4231 -5.65
-14.2194 -5.64
-14.228 -5.63
-14.1137 -5.62
-14.915 -5.61
-14.2987 -5.6
-15.0509 -5.59
-14.204 -5.58
-15.5075 -5.57
-14.143 -5.56
-14.2969 -5.55
-15.0836 -5.54
-14.8205 -5.53
-14.4539 -5.52
-14.1832 -5.51
-15.7474 -5.5
-14.3066 -5.49
-14.627 -5.48
-15.3109 -5.47
-15.4801 -5.46
-14.1379 -5.45
-14.2933 -5.44
-14.3644 -5.43
-14.2145 -5.42
-14.4189 -5.41
-14.1755 -5.4
-14.5466 -5.39
-14.3647 -5.38
-15.5809 -5.37
-14.2605 -5.36
-14.4071 -5.35
-14.511 -5.34
-15.8956 -5.33
-14.2805 -5.32
-16.3484 -5.31
-15.8339 -5.3
-14.7653 -5.29
-14.8656 -5.28
-14.3254 -5.27
-14.6467 -5.26
-14.6539 -5.25
-14.8784 -5.24
-14.3708 -5.23
-14.6469 -5.22
-14.5535 -5.21
-15.8388 -5.2
-14.4245 -5.19
-14.996 -5.18
-15.379 -5.17
-14.6922 -5.16
-14.9082 -5.15
-14.56 -5.14
-14.4829 -5.13
-15.3642 -5.12
-14.9066 -5.11
-14.8292 -5.1
-14.4771 -5.09
-15.5334 -5.08
-14.6492 -5.07
-14.9151 -5.06
-14.8572 -5.05
-14.5542 -5.04
-14.6222 -5.03
-14.8671 -5.02
-15.1006 -5.01
-14.7927 -5
-14.6468 -4.99
-14.9851 -4.98
-14.7818 -4.97
-14.6813 -4.96
-14.9576 -4.95
-15.0141 -4.94
-14.7674 -4.93
-14.9942 -4.92
-14.9424 -4.91
-15.1911 -4.9
-14.8236 -4.89
-15.8478 -4.88
-15.1176 -4.87
-15.2952 -4.86
-15.3534 -4.85
-16.7181 -4.84
-15.2547 -4.83
-15.43 -4.82
-15.1801 -4.81
-15.661 -4.8
-15.3548 -4.79
-15.1966 -4.78
-14.8094 -4.77
-15.0594 -4.76
-15.0437 -4.75
-15.4164 -4.74
-15.9133 -4.73
-15.4496 -4.72
-15.0213 -4.71
-14.9633 -4.7
-15.3827 -4.69
-17.169 -4.68
-16.5541 -4.67
-15.2555 -4.66
-15.5143 -4.65
-15.0436 -4.64
-15.2551 -4.63
-15.4269 -4.62
-15.4878 -4.61
-15.5203 -4.6
-15.3518 -4.59
-15.2439 -4.58
-15.0717 -4.57
-15.1289 -4.56
-17.1655 -4.55
-15.1421 -4.54
-15.0959 -4.53
-15.0835 -4.52
-15.1736 -4.51
-15.6311 -4.5
-15.1028 -4.49
-16.3897 -4.48
-15.2019 -4.47
-15.3043 -4.46
-16.7649 -4.45
-15.1484 -4.44
-15.845 -4.43
-15.4027 -4.42
-15.3434 -4.41
-15.6745 -4.4
-15.4019 -4.39
-15.4618 -4.38
-15.4604 -4.37
-15.2184 -4.36
-15.2774 -4.35
-15.3107 -4.34
-16.6563 -4.33
-15.3971 -4.32
-16.4645 -4.31
-15.5035 -4.3
-15.3608 -4.29
-15.4682 -4.28
-15.5695 -4.27
-15.5139 -4.26
-16.1803 -4.25
-15.5565 -4.24
-15.5393 -4.23
-15.9941 -4.22
-15.6152 -4.21
-17.7344 -4.2
-15.4954 -4.19
-15.4443 -4.18
-15.4601 -4.17
-15.4659 -4.16
-15.8647 -4.15
-15.7622 -4.14
-15.6158 -4.13
-15.7006 -4.12
-15.7067 -4.11
-15.9792 -4.1
-16.1463 -4.09
-15.8143 -4.08
-15.5987 -4.07
-15.7223 -4.06
-16.4431 -4.05
-16.3249 -4.04
-15.7907 -4.03
-15.5468 -4.02
-15.544 -4.01
-16.2539 -4
-16.0708 -3.99
-15.7668 -3.98
-15.5695 -3.97
-16.2394 -3.96
-16.1659 -3.95
-15.887 -3.94
-16.769 -3.93
-15.9728 -3.92
-16.5138 -3.91
-16.0248 -3.9
-15.9894 -3.89
-16.1638 -3.88
-16.2747 -3.87
-16.1352 -3.86
-16.9396 -3.85
-16.9176 -3.84
-16.0974 -3.83
-16.6314 -3.82
-15.9716 -3.81
-15.9701 -3.8
-16.3515 -3.79
-16.2663 -3.78
-15.8799 -3.77
-15.8139 -3.76
-15.8017 -3.75
-15.9211 -3.74
-16.103 -3.73
-16.1707 -3.72
-15.7831 -3.71
-17.6324 -3.7
-16.8443 -3.69
-16.6804 -3.68
-15.8771 -3.67
-16.0123 -3.66
-15.8718 -3.65
-15.8812 -3.64
-16.1503 -3.63
-17.2974 -3.62
-15.9703 -3.61
-17.2324 -3.6
-16.2854 -3.59
-16.0174 -3.58
-16.2983 -3.57
-16.7331 -3.56
-17.0672 -3.55
-16.6907 -3.54
-16.0566 -3.53
-16.2373 -3.52
-16.2992 -3.51
-16.7357 -3.5
-16.8141 -3.49
-16.3283 -3.48
-16.3655 -3.47
-17.3364 -3.46
-16.1404 -3.45
-17.6224 -3.44
-16.6283 -3.43
-16.1169 -3.42
-16.1668 -3.41
-16.5739 -3.4
-16.2693 -3.39
-16.653 -3.38
-15.9471 -3.37
-16.5054 -3.36
-16.811 -3.35
-16.224 -3.34
-16.6224 -3.33
-16.139 -3.32
-16.7242 -3.31
-18.6638 -3.3
-16.0633 -3.29
-16.5031 -3.28
-16.1802 -3.27
-17.4085 -3.26
-16.2332 -3.25
-17.7887 -3.24
-16.0854 -3.23
-16.3198 -3.22
-16.0663 -3.21
-16.4964 -3.2
-16.4869 -3.19
-17.1976 -3.18
-16.1218 -3.17
-17.6747 -3.16
-16.1623 -3.15
-17.2364 -3.14
-16.4706 -3.13
-16.3849 -3.12
-16.2466 -3.11
-16.3546 -3.1
-16.7633 -3.09
-16.7167 -3.08
-16.1884 -3.07
-18.1518 -3.06
-16.7772 -3.05
-16.1491 -3.04
-16.1913 -3.03
-17.9233 -3.02
-16.2949 -3.01
-16.5175 -3
-16.7192 -2.99
-16.8909 -2.98
-16.7565 -2.97
-16.3352 -2.96
-16.2286 -2.95
-16.5572 -2.94
-17.0781 -2.93
-16.2691 -2.92
-16.2251 -2.91
-16.4053 -2.9
-16.4732 -2.89
-16.5781 -2.88
-16.4261 -2.87
-16.5022 -2.86
-16.6603 -2.85
-16.6757 -2.84
-16.1639 -2.83
-16.4669 -2.82
-16.4933 -2.81
-16.4058 -2.8
-16.4725 -2.79
-17.0351 -2.78
-16.2837 -2.77
-16.6812 -2.76
-16.3517 -2.75
-16.176 -2.74
-16.8001 -2.73
-16.4155 -2.72
-16.657 -2.71
-16.6027 -2.7
-17.0299 -2.69
-16.5656 -2.68
-16.9094 -2.67
-16.4021 -2.66
-16.5478 -2.65
-16.5196 -2.64
-16.2585 -2.63
-17.0807 -2.62
-16.2813 -2.61
-16.4491 -2.6
-16.3258 -2.59
-16.7575 -2.58
-16.774 -2.57
-16.6948 -2.56
-17.6121 -2.55
-17.0921 -2.54
-17.0863 -2.53
-16.8851 -2.52
-16.7753 -2.51
-16.2242 -2.5
-17.0777 -2.49
-16.5822 -2.48
-17.1512 -2.47
-16.5559 -2.46
-16.2861 -2.45
-16.4078 -2.44
-16.3675 -2.43
-16.9207 -2.42
-16.3598 -2.41
-16.362 -2.4
-16.3819 -2.39
-16.3598 -2.38
-17.8026 -2.37
-18.1188 -2.36
-16.8288 -2.35
-16.4615 -2.34
-16.4697 -2.33
-16.7062 -2.32
-16.3116 -2.31
-16.7398 -2.3
-16.519 -2.29
-16.8515 -2.28
-16.4104 -2.27
-16.3252 -2.26
-16.4452 -2.25
-16.542 -2.24
-16.5935 -2.23
-16.3211 -2.22
-16.3659 -2.21
-17.1215 -2.2
-16.4463 -2.19
-16.4756 -2.18
-16.9527 -2.17
-16.4119 -2.16
-16.5123 -2.15
-16.4149 -2.14
-16.3484 -2.13
-16.8823 -2.12
-16.4897 -2.11
-16.5238 -2.1
-16.4933 -2.09
-16.99 -2.08
-16.509 -2.07
-16.6652 -2.06
-16.9762 -2.05
-17.4444 -2.04
-17.1336 -2.03
-17.4857 -2.02
-16.4651 -2.01
-16.6772 -2
-16.2929 -1.99
-16.7412 -1.98
-16.4935 -1.97
-16.3476 -1.96
-17.1396 -1.95
-16.5636 -1.94
-16.4392 -1.93
-16.5206 -1.92
-16.5357 -1.91
-16.6119 -1.9
-16.4714 -1.89
-16.2605 -1.88
-17.0812 -1.87
-17.1874 -1.86
-16.7314 -1.85
-16.6695 -1.84
-16.2533 -1.83
-16.7003 -1.82
-17.5302 -1.81
-16.4822 -1.8
-16.615 -1.79
-16.3691 -1.78
-17.0691 -1.77
-16.5202 -1.76
-16.3756 -1.75
-16.6146 -1.74
-16.4397 -1.73
-16.9174 -1.72
-16.5051 -1.71
-16.8144 -1.7
-16.4877 -1.69
-16.5949 -1.68
-16.5846 -1.67
-16.6883 -1.66
-16.2654 -1.65
-17.5051 -1.64
-16.7598 -1.63
-16.5389 -1.62
-17.6374 -1.61
-16.729 -1.6
-16.2763 -1.59
-16.6714 -1.58
-16.5542 -1.57
-16.5916 -1.56
-16.3371 -1.55
-16.7711 -1.54
-16.4792 -1.53
-17.4532 -1.52
-17.238 -1.51
-17.2099 -1.5
-16.3897 -1.49
-16.4799 -1.48
-16.4319 -1.47
-16.4227 -1.46
-16.8673 -1.45
-17.7395 -1.44
-16.3174 -1.43
-16.7379 -1.42
-16.3506 -1.41
-16.2513 -1.4
-16.854 -1.39
-16.4447 -1.38
-16.2799 -1.37
-16.2613 -1.36
-16.4639 -1.35
-16.3868 -1.34
-16.8847 -1.33
-17.8576 -1.32
-17.6119 -1.31
-16.9391 -1.3
-16.4242 -1.29
-16.4491 -1.28
-16.2977 -1.27
-16.7137 -1.26
-16.3128 -1.25
-16.257 -1.24
-16.4664 -1.23
-16.5968 -1.22
-16.6495 -1.21
-16.2311 -1.2
-16.2434 -1.19
-16.4028 -1.18
-16.324 -1.17
-17.0155 -1.16
-17.3994 -1.15
-17.2011 -1.14
-16.4054 -1.13
-16.2376 -1.12
-16.3127 -1.11
-17.1416 -1.1
-16.5064 -1.09
-16.3075 -1.08
-17.1684 -1.07
-16.3017 -1.06
-16.3287 -1.05
-16.4408 -1.04
-16.2502 -1.03
-16.6099 -1.02
-16.2699 -1.01
-17.4382 -1
-16.4159 -0.99
-16.5902 -0.98
-16.8663 -0.97
-16.348 -0.96
-16.3525 -0.95
-16.7627 -0.94
-16.9758 -0.93
-16.8421 -0.92
-17.3364 -0.91
-16.3529 -0.9
-17.1047 -0.89
-16.235 -0.88
-16.4025 -0.87
-16.5339 -0.86
-16.7527 -0.85
-16.6946 -0.84
-16.2761 -0.83
-16.715 -0.82
-16.2947 -0.81
-16.251 -0.8
-16.2213 -0.79
-16.2205 -0.78
-16.4094 -0.77
-16.3003 -0.76
-16.2146 -0.75
-16.4481 -0.74
-17.2261 -0.73
-16.633 -0.72
-16.1904 -0.71
-16.3541 -0.7
-16.5502 -0.69
-16.3349 -0.68
-16.4928 -0.67
-16.8391 -0.66
-16.5757 -0.65
-16.4164 -0.64
-18.4379 -0.63
-16.3161 -0.62
-17.2051 -0.61
-16.4258 -0.6
-16.4339 -0.59
-16.4377 -0.58
-16.1376 -0.57
-16.2062 -0.56
-16.6511 -0.55
-16.1282 -0.54
-16.3102 -0.53
-16.4569 -0.52
-16.2605 -0.51
-16.5215 -0.5
-16.4572 -0.49
-16.187 -0.48
-16.3029 -0.47
-16.3277 -0.46
-16.2974 -0.45
-16.8129 -0.44
-16.2874 -0.43
-16.4464 -0.42
-16.2725 -0.41
-16.454 -0.4
-16.4832 -0.39
-16.54 -0.38
-17.6325 -0.37
-16.1265 -0.36
-16.4859 -0.35
-16.7439 -0.34
-16.5784 -0.33
-16.3323 -0.32
-16.2517 -0.31
-16.6619 -0.3
-16.1811 -0.29
-16.1362 -0.28
-16.441 -0.27
-17.3527 -0.26
-16.5813 -0.25
-16.4918 -0.24
-16.3131 -0.23
-16.9112 -0.22
-16.7124 -0.21
-16.6752 -0.2
-18.6561 -0.19
-16.6079 -0.18
-16.4665 -0.17
-16.4413 -0.16
-16.4301 -0.15
-17.3777 -0.14
-16.7646 -0.13
-16.924 -0.12
-16.6916 -0.11
-16.5546 -0.1
-17.0599 -0.09
-16.2158 -0.08
-16.2122 -0.07
-16.8625 -0.06
-16.1457 -0.05
-16.3891 -0.04
-16.197 -0.03
-16.106 -0.02
-17.4274 -0.01
-16.7069 0
-16.1476 0.01
-15.9373 0.02
-18.0538 0.03
-15.9705 0.04
-15.9056 0.05
-15.9134 0.06
-16.0614 0.07
-16.3632 0.08
-16.3157 0.09
-16.2966 0.1
-15.913 0.11
-16.5957 0.12
-15.9131 0.13
-17.097 0.14
-16.5445 0.15
-16.8017 0.16
-16.2262 0.17
-16.1898 0.18
-15.9339 0.19
-15.8534 0.2
-16.6219 0.21
-16.2641 0.22
-16.7373 0.23
-16.428 0.24
-16.3535 0.25
-16.4166 0.26
-16.9495 0.27
-16.6215 0.28
-16.9431 0.29
-16.0409 0.3
-16.1462 0.31
-17.3262 0.32
-16.361 0.33
-16.8098 0.34
-16.6264 0.35
-16.0179 0.36
-15.9894 0.37
-16.9724 0.38
-17.048 0.39
-16.3883 0.4
-16.0346 0.41
-15.8905 0.42
-16.5132 0.43
-15.9092 0.44
-16.6905 0.45
-17.2559 0.46
-16.5283 0.47
-15.9427 0.48
-16.3856 0.49
-16.3751 0.5
-17.1101 0.51
-16.417 0.52
-16.2051 0.53
-15.8476 0.54
-16.0261 0.55
-16.2743 0.56
-16.1418 0.57
-15.9622 0.58
-16.3814 0.59
-16.3386 0.6
-16.4695 0.61
-16.2399 0.62
-16.2305 0.63
-16.3298 0.64
-16.1496 0.65
-15.9996 0.66
-16.6942 0.67
-16.7514 0.68
-15.9607 0.69
-16.1468 0.7
-17.0155 0.71
-15.9217 0.72
-16.4068 0.73
-16.7607 0.74
-16.1526 0.75
-16.0708 0.76
-16.0422 0.77
-16.4914 0.78
-16.6987 0.79
-16.1652 0.8
-16.0203 0.81
-16.7529 0.82
-16.519 0.83
-15.9905 0.84
-15.9245 0.85
-16.4736 0.86
-16.1991 0.87
-16.5299 0.88
-16.0353 0.89
-16.4723 0.9
-15.9861 0.91
-16.2298 0.92
-16.42 0.93
-16.628 0.94
-16.559 0.95
-15.8024 0.96
-16.2025 0.97
-16.6838 0.98
-16.2754 0.99
-17.2295 1
-16.8451 1.01
-16.2763 1.02
-17.3397 1.03
-16.338 1.04
-17.3061 1.05
-16.0792 1.06
-17.2861 1.07
-16.4848 1.08
-16.6493 1.09
-16.0491 1.1
-16.6103 1.11
-15.8832 1.12
-16.3578 1.13
-16.1959 1.14
-17.0648 1.15
-16.6093 1.16
-16.6586 1.17
-17.8429 1.18
-16.3172 1.19
-16.2078 1.2
-16.1885 1.21
-16.3031 1.22
-16.5763 1.23
-15.991 1.24
-16.4589 1.25
-16.5899 1.26
-15.9407 1.27
-15.9401 1.28
-16.2813 1.29
-16.1614 1.3
-16.3914 1.31
-16.2675 1.32
-16.7369 1.33
-17.0808 1.34
-16.447 1.35
-16.7716 1.36
-16.0123 1.37
-16.4486 1.38
-16.043 1.39
-16.1391 1.4
-15.9896 1.41
-16.2799 1.42
-17.1424 1.43
-16.3836 1.44
-16.0119 1.45
-16.5201 1.46
-15.908 1.47
-16.3923 1.48
-18.378 1.49
-16.2915 1.5
-16.706 1.51
-16.1358 1.52
-16.1438 1.53
-16.9758 1.54
-15.9469 1.55
-16.3856 1.56
-16.8508 1.57
-16.1765 1.58
-16.1249 1.59
-16.2241 1.6
-16.5493 1.61
-16.3914 1.62
-16.0202 1.63
-16.4664 1.64
-16.0905 1.65
-16.5899 1.66
-16.881 1.67
-16.1427 1.68
-16.4651 1.69
-17.3076 1.7
-15.9491 1.71
-16.4794 1.72
-16.2111 1.73
-15.9917 1.74
-16.142 1.75
-16.3837 1.76
-16.5387 1.77
-16.0799 1.78
-15.9997 1.79
-16.0458 1.8
-16.3601 1.81
-15.9713 1.82
-16.9679 1.83
-16.6007 1.84
-16.1304 1.85
-16.0975 1.86
-16.3424 1.87
-16.8517 1.88
-16.2501 1.89
-17.7742 1.9
-16.6792 1.91
-15.981 1.92
-16.8868 1.93
-16.4095 1.94
-15.9806 1.95
-16.5936 1.96
-16.269 1.97
-16.1255 1.98
-16.1461 1.99
-16.6812 2
-16.7903 2.01
-15.8863 2.02
-16.1439 2.03
-16.8891 2.04
-17.0536 2.05
-16.2624 2.06
-16.1696 2.07
-15.8676 2.08
-16.2331 2.09
-16.0371 2.1
-16.816 2.11
-16.1653 2.12
-16.1157 2.13
-16.04 2.14
-16.8447 2.15
-18.0992 2.16
-15.9147 2.17
-17.9144 2.18
-16.5811 2.19
-16.7107 2.2
-15.9266 2.21
-17.3336 2.22
-16.3592 2.23
-16.0683 2.24
-16.8009 2.25
-16.2923 2.26
-16.0555 2.27
-15.99 2.28
-16.8044 2.29
-17.401 2.3
-16.2638 2.31
-16.0664 2.32
-16.3148 2.33
-16.1831 2.34
-16.6988 2.35
-15.9215 2.36
-16.8728 2.37
-16.3065 2.38
-15.8305 2.39
-16.5004 2.4
-15.8949 2.41
-15.8849 2.42
-16.3367 2.43
-16.0086 2.44
-16.1026 2.45
-16.6099 2.46
-15.9666 2.47
-17.7792 2.48
-15.8948 2.49
-15.966 2.5
-16.0341 2.51
-16.2867 2.52
-16.069 2.53
-16.4091 2.54
-16.5607 2.55
-17.4707 2.56
-16.5714 2.57
-15.8846 2.58
-15.9509 2.59
-15.908 2.6
-16.3524 2.61
-15.9521 2.62
-16.9171 2.63
-15.8466 2.64
-16.6109 2.65
-16.6487 2.66
-16.3617 2.67
-16.9607 2.68
-16.664 2.69
-15.9707 2.7
-17.3731 2.71
-16.2711 2.72
-15.8414 2.73
-16.5468 2.74
-15.9945 2.75
-17.0629 2.76
-15.813 2.77
-16.7904 2.78
-16.6277 2.79
-16.1709 2.8
-16.2551 2.81
-16.0343 2.82
-16.2777 2.83
-16.567 2.84
-15.9797 2.85
-16.4223 2.86
-16.4054 2.87
-17.0233 2.88
-16.2501 2.89
-16.1814 2.9
-15.9206 2.91
-15.8467 2.92
-16.8868 2.93
-16.6623 2.94
-16.4375 2.95
-16.2077 2.96
-17.4737 2.97
-16.0627 2.98
-16.2355 2.99
-16.6807 3
-16.3567 3.01
-16.5878 3.02
-16.6117 3.03
-16.3447 3.04
-16.186 3.05
-16.7111 3.06
-16.81 3.07
-16.7965 3.08
-16.8399 3.09
-15.9598 3.1
-16.899 3.11
-16.2692 3.12
-16.6648 3.13
-16.0352 3.14
-16.3283 3.15
-16.1085 3.16
-16.4945 3.17
-16.1745 3.18
-16.2706 3.19
-16.8721 3.2
-16.2447 3.21
-15.8781 3.22
-17.4552 3.23
-15.918 3.24
-16.3204 3.25
-16.7045 3.26
-16.1069 3.27
-17.8823 3.28
-16.7309 3.29
-16.7258 3.3
-16.9885 3.31
-15.9444 3.32
-16.5979 3.33
-16.1919 3.34
-16.0322 3.35
-16.3433 3.36
-16.9667 3.37
-16.5088 3.38
-15.995 3.39
-16.4987 3.4
-16.4788 3.41
-16.06 3.42
-16.337 3.43
-16.2547 3.44
-16.0296 3.45
-16.6372 3.46
-15.9936 3.47
-16.4628 3.48
-16.3012 3.49
-16.1412 3.5
-16.0338 3.51
-16.0516 3.52
-16.6634 3.53
-16.3578 3.54
-15.9971 3.55
-15.9454 3.56
-16.1728 3.57
-16.1448 3.58
-16.2712 3.59
-16.3154 3.6
-15.9338 3.61
-16.1777 3.62
-15.9386 3.63
-17.0396 3.64
-15.9094 3.65
-16.1148 3.66
-16.2531 3.67
-16.2668 3.68
-16.1477 3.69
-16.1778 3.7
-16.1865 3.71
-16.4124 3.72
-16.5968 3.73
-16.0894 3.74
-16.9791 3.75
-16.0301 3.76
-16.7121 3.77
-16.0624 3.78
-16.0437 3.79
-15.8611 3.8
-16.6899 3.81
-16.3062 3.82
-15.905 3.83
-16.8208 3.84
-16.4648 3.85
-16.0196 3.86
-16.2783 3.87
-17.7942 3.88
-16.821 3.89
-17.0752 3.9
-16.9152 3.91
-15.8873 3.92
-16.5875 3.93
-16.7465 3.94
-16.4286 3.95
-16.4304 3.96
-16.2753 3.97
-17.3185 3.98
-17.2862 3.99
-16.3196 4
-16.5502 4.01
-17.5911 4.02
-16.1187 4.03
-16.1708 4.04
-15.8661 4.05
-15.9476 4.06
-16.028 4.07
-16.3076 4.08
-15.8198 4.09
-16.4592 4.1
-16.0359 4.11
-16.0482 4.12
-16.3129 4.13
-16.9565 4.14
-16.0394 4.15
-16.4013 4.16
-16.5307 4.17
-15.9671 4.18
-15.942 4.19
-16.3751 4.2
-16.2289 4.21
-15.9316 4.22
-15.8849 4.23
-16.2847 4.24
-15.9883 4.25
-16.0975 4.26
-16.521 4.27
-16.6345 4.28
-16.5549 4.29
-16.381 4.3
-16.401 4.31
-16.3652 4.32
-17.0073 4.33
-16.2812 4.34
-16.1001 4.35
-16.4077 4.36
-16.1718 4.37
-16.5911 4.38
-17.6132 4.39
-16.0103 4.4
-17.5652 4.41
-15.9108 4.42
-15.9245 4.43
-16.569 4.44
-16.258 4.45
-15.877 4.46
-16.211 4.47
-17.3669 4.48
-15.8737 4.49
-16.541 4.5
-16.0994 4.51
-16.3105 4.52
-16.4947 4.53
-16.3318 4.54
-16.2879 4.55
-16.4439 4.56
-16.5021 4.57
-16.5293 4.58
-16.033 4.59
-16.1552 4.6
-15.9539 4.61
-16.0237 4.62
-16.8312 4.63
-15.9839 4.64
-16.1555 4.65
-16.4711 4.66
-16.383 4.67
-16.0094 4.68
-16.1987 4.69
-16.5563 4.7
-16.3919 4.71
-17.3986 4.72
-16.1922 4.73
-16.2582 4.74
-16.1454 4.75
-16.7884 4.76
-16.6892 4.77
-15.8979 4.78
-16.0439 4.79
-16.6913 4.8
-16.6309 4.81
-17.0095 4.82
-16.885 4.83
-16.4973 4.84
-16.21 4.85
-16.2638 4.86
-16.1089 4.87
-16.6215 4.88
-16.6805 4.89
-16.1916 4.9
-16.5329 4.91
-16.3749 4.92
-16.4004 4.93
-16.3715 4.94
-16.2733 4.95
-16.3696 4.96
-16.4169 4.97
-16.1579 4.98
-16.4411 4.99
-16.0872 5
-16.2079 5.01
-16.1648 5.02
-15.9966 5.03
-15.9806 5.04
-15.8368 5.05
-15.8604 5.06
-18.0582 5.07
-16.1367 5.08
-15.9829 5.09
-16.314 5.1
-16.3144 5.11
-16.3647 5.12
-16.3292 5.13
-16.045 5.14
-16.3266 5.15
-16.3941 5.16
-16.5516 5.17
-16.7673 5.18
-16.416 5.19
-16.417 5.2
-16.9559 5.21
-16.371 5.22
-16.9129 5.23
-16.1916 5.24
-16.158 5.25
-16.279 5.26
-15.9847 5.27
-16.0995 5.28
-16.6266 5.29
-15.8856 5.3
-16.5458 5.31
-17.1444 5.32
-16.7546 5.33
-16.6403 5.34
-16.6286 5.35
-16.4075 5.36
-16.2317 5.37
-16.3407 5.38
-16.1622 5.39
-16.3429 5.4
-16.2684 5.41
-16.0778 5.42
-17.3002 5.43
-15.8877 5.44
-17.2567 5.45
-16.1811 5.46
-16.4221 5.47
-17.236 5.48
-16.1185 5.49
-15.9052 5.5
-16.0128 5.51
-16.7665 5.52
-17.4824 5.53
-16.7642 5.54
-16.2881 5.55
-16.0745 5.56
-15.8999 5.57
-16.6436 5.58
-16.7089 5.59
-16.155 5.6
-17.1154 5.61
-16.9641 5.62
-16.8317 5.63
-17.4534 5.64
-16.0079 5.65
-16.4706 5.66
-16.8186 5.67
-15.9796 5.68
-16.4746 5.69
-16.8446 5.7
-16.334 5.71
-15.8702 5.72
-16.45 5.73
-16.1305 5.74
-15.8264 5.75
-16.0856 5.76
-16.1009 5.77
-16.597 5.78
-16.919 5.79
-16.1433 5.8
-16.2686 5.81
-16.6509 5.82
-16.2513 5.83
-16.1314 5.84
-16.0379 5.85
-17.3193 5.86
-15.8725 5.87
-16.3027 5.88
-16.5215 5.89
-16.1717 5.9
-17.189 5.91
-16.0063 5.92
-17.2561 5.93
-17.0412 5.94
-16.092 5.95
-16.1773 5.96
-16.8756 5.97
-16.7313 5.98
-16.4416 5.99
-16.344 6
-17.4314 6.01
-16.0904 6.02
-16.6655 6.03
-17.0763 6.04
-15.8902 6.05
-16.4631 6.06
-15.9037 6.07
-16.5792 6.08
-16.3016 6.09
-16.4884 6.1
-16.0074 6.11
-16.2607 6.12
-16.3292 6.13
-16.7266 6.14
-16.1133 6.15
-19.1265 6.16
-16.9492 6.17
-16.7681 6.18
-16.0931 6.19
-16.5896 6.2
-16.9559 6.21
-16.56 6.22
-16.2497 6.23
-16.3689 6.24
-16.8061 6.25
-16.0728 6.26
-17.0079 6.27
-16.2897 6.28
-15.952 6.29
-16.7851 6.3
-16.8626 6.31
-15.9622 6.32
-16.3831 6.33
-16.9971 6.34
-16.0035 6.35
-15.8481 6.36
-16.3908 6.37
-16.5486 6.38
-15.9264 6.39
-16.1426 6.4
-16.2685 6.41
-16.9397 6.42
-16.611 6.43
-16.8899 6.44
-15.9283 6.45
-16.8287 6.46
-16.5287 6.47
-16.0814 6.48
-17.3733 6.49
-16.6404 6.5
-16.3803 6.51
-16.2766 6.52
-17.2002 6.53
-16.028 6.54
-16.2878 6.55
-16.0743 6.56
-16.4964 6.57
-16.6439 6.58
-16.0428 6.59
-16.155 6.6
-16.6533 6.61
-16.6665 6.62
-16.2047 6.63
-16.117 6.64
-16.2729 6.65
-15.9339 6.66
-16.3958 6.67
-16.3549 6.68
-16.196 6.69
-16.9144 6.7
-16.4543 6.71
-16.5842 6.72
-16.0986 6.73
-16.7353 6.74
-16.9455 6.75
-16.7136 6.76
-16.7722 6.77
-16.1942 6.78
-15.8901 6.79
-17.2892 6.8
-16.7381 6.81
-16.0805 6.82
-16.3012 6.83
-16.3359 6.84
-15.8891 6.85
-16.1432 6.86
-16.147 6.87
-16.7185 6.88
-16.2817 6.89
-16.2032 6.9
-16.1947 6.91
-16.0067 6.92
-16.9831 6.93
-16.0493 6.94
-16.0135 6.95
-16.0169 6.96
-16.9164 6.97
-15.9355 6.98
-16.4522 6.99
-16.3445 7
-16.4268 7.01
-16.0604 7.02
-15.9143 7.03
-17.2984 7.04
-16.059 7.05
-15.9685 7.06
-16.2498 7.07
-16.2363 7.08
-16.2339 7.09
-16.5156 7.1
-17.3984 7.11
-16.7292 7.12
-16.9524 7.13
-16.6658 7.14
-16.1964 7.15
-19.0296 7.16
-16.2978 7.17
-16.3203 7.18
-16.2121 7.19
-16.2353 7.2
-16.9543 7.21
-16.2269 7.22
-16.3614 7.23
-16.3076 7.24
-16.0138 7.25
-16.3937 7.26
-15.9426 7.27
-15.9079 7.28
-16.1865 7.29
-16.8747 7.3
-16.2298 7.31
-16.0429 7.32
-16.1567 7.33
-16.052 7.34
-16.5529 7.35
-16.7009 7.36
-16.4953 7.37
-16.2213 7.38
-16.2198 7.39
-16.1664 7.4
-16.0737 7.41
-16.0879 7.42
-16.3497 7.43
-16.8101 7.44
-16.2539 7.45
-16.7588 7.46
-16.2138 7.47
-16.6722 7.48
-16.1752 7.49
-16.0226 7.5
-16.5335 7.51
-16.7202 7.52
-16.0535 7.53
-16.1265 7.54
-16.7051 7.55
-16.4043 7.56
-17.0818 7.57
-15.8942 7.58
-16.5642 7.59
-16.1348 7.6
-16.2412 7.61
-16.0789 7.62
-17.2222 7.63
-17.0479 7.64
-15.9491 7.65
-16.0653 7.66
-16.0968 7.67
-16.5789 7.68
-16.5911 7.69
-16.2416 7.7
-17.4482 7.71
-17.0263 7.72
-16.0203 7.73
-16.6806 7.74
-17.4976 7.75
-15.9131 7.76
-15.9321 7.77
-16.0231 7.78
-16.2382 7.79
-16.019 7.8
-15.9843 7.81
-16.9505 7.82
-16.3013 7.83
-16.5147 7.84
-15.8362 7.85
-16.0028 7.86
-16.2748 7.87
-16.7444 7.88
-16.6699 7.89
-16.2858 7.9
-16.0482 7.91
-17.1904 7.92
-16.0846 7.93
-16.0147 7.94
-15.9427 7.95
-15.8942 7.96
-16.674 7.97
-15.9355 7.98
-16.2095 7.99
-16.6794 8
-16.1791 8.01
-16.3048 8.02
-16.7573 8.03
-16.3375 8.04
-16.2365 8.05
-17.3337 8.06
-15.9331 8.07
-16.7385 8.08
-17.0836 8.09
-18.0385 8.1
-16.4133 8.11
-16.2542 8.12
-15.8418 8.13
-16.4684 8.14
-16.1857 8.15
-16.2883 8.16
-16.33 8.17
-16.32 8.18
-16.7692 8.19
-16.4802 8.2
-16.3424 8.21
-16.0261 8.22
-16.0548 8.23
-16.198 8.24
-17.0645 8.25
-16.1519 8.26
-16.1299 8.27
-15.8949 8.28
-18.2586 8.29
-16.8736 8.3
-15.9278 8.31
-16.7139 8.32
-16.1536 8.33
-16.0661 8.34
-16.4504 8.35
-16.2527 8.36
-15.9907 8.37
-16.2213 8.38
-16.1464 8.39
-16.0097 8.4
-16.1417 8.41
-16.0137 8.42
-16.478 8.43
-16.4134 8.44
-15.9518 8.45
-15.9676 8.46
-15.9522 8.47
-17.4666 8.48
-16.3691 8.49
-15.8944 8.5
-17.605 8.51
-16.5403 8.52
-16.5457 8.53
-16.5913 8.54
-16.4092 8.55
-17.3354 8.56
-15.9592 8.57
-16.4783 8.58
-16.2104 8.59
-16.1917 8.6
-17.002 8.61
-16.0322 8.62
-16.5384 8.63
-15.8874 8.64
-15.9913 8.65
-16.9817 8.66
-16.2145 8.67
-15.9765 8.68
-15.9717 8.69
-16.6705 8.7
-16.3374 8.71
-16.09 8.72
-16.6758 8.73
-17.7243 8.74
-16.3023 8.75
-15.9982 8.76
-16.0247 8.77
-16.6895 8.78
-16.831 8.79
-16.4586 8.8
-16.1564 8.81
-16.5903 8.82
-16.1799 8.83
-16.23 8.84
-15.9841 8.85
-16.8903 8.86
-16.1893 8.87
-16.3826 8.88
-16.5294 8.89
-15.8823 8.9
-16.7595 8.91
-16.0143 8.92
-16.636 8.93
-16.0982 8.94
-16.5774 8.95
-16.023 8.96
-15.8632 8.97
-16.473 8.98
-16.0354 8.99
