0.999668 0.0910736
0.997018 0.0924011
0.991723 0.0951156
0.983798 0.0993403
0.973264 0.105271
0.96015 0.113187
0.944489 0.123476
0.926324 0.13665
0.905702 0.153382
0.882679 0.174535
0.857315 0.201188
0.829677 0.234644
0.799839 0.276374
0.76788 0.327865
0.733885 0.390272
0.697944 0.463841
0.660152 0.547141
0.620609 0.636391
0.579421 0.725472
0.536696 0.807112
0.492548 0.875053
0.447094 0.926036
0.400454 0.960394
0.352752 0.981097
0.304115 0.992151
0.254671 0.997279
0.204552 0.999268
0.153891 0.999867
0.102821 0.999988
0.0514788 1
6.12303e-17 1
-0.0514788 1
-0.102821 0.999988
-0.153891 0.999867
-0.204552 0.999268
-0.254671 0.997279
-0.304115 0.992151
-0.352752 0.981097
-0.400454 0.960394
-0.447094 0.926036
-0.492548 0.875053
-0.536696 0.807112
-0.579421 0.725472
-0.620609 0.636391
-0.660152 0.547141
-0.697944 0.463841
-0.733885 0.390272
-0.76788 0.327865
-0.799839 0.276374
-0.829677 0.234644
-0.857315 0.201188
-0.882679 0.174535
-0.905702 0.153382
-0.926324 0.13665
-0.944489 0.123476
-0.96015 0.113187
-0.973264 0.105271
-0.983798 0.0993403
-0.991723 0.0951156
-0.997018 0.0924011
