1.0202 0.0814663
1.0222 0.0805904
1.02421 0.0797249
1.02621 0.0788694
1.02821 0.0780241
1.03021 0.0771886
1.03221 0.076363
1.03422 0.075547
1.03622 0.0747406
1.03822 0.0739437
1.04022 0.0731561
1.04222 0.0723777
1.04423 0.0716084
1.04623 0.0708482
1.04823 0.0700968
1.05023 0.0693542
1.05223 0.0686203
1.05424 0.067895
1.05624 0.0671781
1.05824 0.0664696
1.06024 0.0657694
1.06224 0.0650773
1.06425 0.0643933
1.06625 0.0637173
1.06825 0.0630491
1.07025 0.0623888
1.07225 0.061736
1.07426 0.0610909
1.07626 0.0604533
1.07826 0.059823
1.08026 0.0592001
1.08226 0.0585844
1.08427 0.0579758
1.08627 0.0573743
1.08827 0.0567797
1.09027 0.056192
1.09227 0.0556111
1.09428 0.0550368
1.09628 0.0544692
1.09828 0.0539082
1.10028 0.0533536
1.10228 0.0528054
1.10429 0.0522634
1.10629 0.0517277
1.10829 0.0511982
1.11029 0.0506747
1.11229 0.0501573
1.1143 0.0496457
1.1163 0.04914
1.1183 0.0486401
1.1203 0.0481459
1.1223 0.0476573
1.12431 0.0471744
1.12631 0.0466969
1.12831 0.0462248
1.13031 0.0457581
1.13231 0.0452967
1.13432 0.0448406
1.13632 0.0443896
1.13832 0.0439437
1.14032 0.0435029
1.14232 0.0430671
1.14433 0.0426362
1.14633 0.0422101
1.14833 0.0417889
1.15033 0.0413724
1.15233 0.0409606
1.15434 0.0405534
1.15634 0.0401508
1.15834 0.0397527
1.16034 0.0393591
1.16234 0.0389698
1.16435 0.038585
1.16635 0.0382044
1.16835 0.0378281
1.17035 0.037456
1.17235 0.037088
1.17436 0.0367241
1.17636 0.0363643
1.17836 0.0360085
1.18036 0.0356566
1.18236 0.0353086
1.18437 0.0349645
1.18637 0.0346242
1.18837 0.0342876
1.19037 0.0339548
1.19237 0.0336256
1.19438 0.0333
1.19638 0.0329781
1.19838 0.0326597
1.20038 0.0323447
1.20238 0.0320332
1.20439 0.0317252
1.20639 0.0314205
1.20839 0.0311191
1.21039 0.030821
1.21239 0.0305262
1.2144 0.0302346
1.2164 0.0299462
1.2184 0.0296609
