-1 0.0909091
-0.966102 0.109519
-0.932203 0.132233
-0.898305 0.159881
-0.864407 0.193361
-0.830508 0.233566
-0.79661 0.281255
-0.762712 0.336856
-0.728814 0.400217
-0.694915 0.470337
-0.661017 0.545194
-0.627119 0.621785
-0.59322 0.696471
-0.559322 0.765593
-0.525424 0.826169
-0.491525 0.87641
-0.457627 0.915878
-0.423729 0.945287
-0.389831 0.966094
-0.355932 0.980072
-0.322034 0.98897
-0.288136 0.99431
-0.254237 0.997307
-0.220339 0.998857
-0.186441 0.99958
-0.152542 0.999874
-0.118644 0.999972
-0.0847458 0.999996
-0.0508475 1
-0.0169492 1
0.0169492 1
0.0508475 1
0.0847458 0.999996
0.118644 0.999972
0.152542 0.999874
0.186441 0.99958
0.220339 0.998857
0.254237 0.997307
0.288136 0.99431
0.322034 0.98897
0.355932 0.980072
0.389831 0.966094
0.423729 0.945287
0.457627 0.915878
0.491525 0.87641
0.525424 0.826169
0.559322 0.765593
0.59322 0.696471
0.627119 0.621785
0.661017 0.545194
0.694915 0.470337
0.728814 0.400217
0.762712 0.336856
0.79661 0.281255
0.830508 0.233566
0.864407 0.193361
0.898305 0.159881
0.932203 0.132233
0.966102 0.109519
1 0.0909091
