0.999668 0.0910736
0.997018 0.0924011
0.991723 0.0951156
0.983798 0.0993403
0.973264 0.105271
0.96015 0.113187
0.944489 0.123476
0.926324 0.13665
0.905702 0.153382
0.882679 0.174535
0.857315 0.201188
0.829677 0.234644
0.799839 0.276374
0.76788 0.327865
0.733885 0.390272
0.697944 0.463841
0.660152 0.547141
0.620609 0.636391
0.579421 0.725472
0.536696 0.807112
0.492548 0.875053
0.447094 0.926036
0.400454 0.960394
0.352752 0.981097
0.304115 0.992151
0.254671 0.997279
0.204552 0.999268
0.153891 0.999867
0.102821 0.999988
0.0514788 1
6.12303e-17 1
-0.0514788 1
-0.102821 0.999988
-0.153891 0.999867
-0.204552 0.999268
-0.254671 0.997279
-0.304115 0.992151
-0.352752 0.981096
-0.400454 0.960395
-0.447094 0.926029
-0.492548 0.875021
-0.536696 0.807129
-0.579421 0.725323
-0.620609 0.636178
-0.660152 0.546899
-0.697944 0.462826
-0.733885 0.393608
-0.76788 0.331231
-0.799839 0.284879
-0.829677 0.240826
-0.857315 0.244848
-0.882679 0.20513
-0.905702 -0.0171097
-0.926324 -0.171136
-0.944489 0.307035
-0.96015 -0.329397
-0.973264 2.72958
-0.983798 -1.11187
-0.991723 -3.62235
-0.997018 -1.00185
