0.000000e+00	-inf
-2.004321e+00	-9.992368e+00
-2.303196e+00	-1.118767e+01
-2.478566e+00	-1.189105e+01
-2.603144e+00	-1.237429e+01
-2.699838e+00	-1.272941e+01
-2.778874e+00	-1.308949e+01
-2.845718e+00	-1.383074e+01
-2.903633e+00	-1.283798e+01
-2.954725e+00	-1.297572e+01
-3.000434e+00	-1.371654e+01
-3.041787e+00	-1.314369e+01
-3.079543e+00	-1.310949e+01
-3.114277e+00	-1.330380e+01
-3.146438e+00	-1.300961e+01
-3.176381e+00	-1.318264e+01
-3.204391e+00	-1.297368e+01
-3.230704e+00	-1.278594e+01
-3.255514e+00	-1.348624e+01
-3.278982e+00	-1.297006e+01
-3.301247e+00	-1.254171e+01
-3.322426e+00	-1.292076e+01
-3.342620e+00	-1.315387e+01
-3.361917e+00	-1.264918e+01
-3.380392e+00	-1.236542e+01
-3.398114e+00	-1.260682e+01
-3.415140e+00	-1.230482e+01
-3.431525e+00	-1.217557e+01
-3.447313e+00	-1.244633e+01
-3.462548e+00	-1.276482e+01
-3.477266e+00	-1.216777e+01
-3.491502e+00	-1.201562e+01
-3.505286e+00	-1.248780e+01
-3.518646e+00	-1.209413e+01
-3.531607e+00	-1.269398e+01
-3.544192e+00	-1.230672e+01
-3.556423e+00	-1.242606e+01
-3.568319e+00	-1.225449e+01
-3.579898e+00	-1.250829e+01
-3.591176e+00	-1.257665e+01
-3.602169e+00	-1.250805e+01
-3.612890e+00	-1.249777e+01
-3.623353e+00	-1.197874e+01
-3.633569e+00	-1.215847e+01
-3.643551e+00	-1.243819e+01
-3.653309e+00	-1.198892e+01
-3.662852e+00	-1.243964e+01
-3.672190e+00	-1.213961e+01
-3.681332e+00	-1.252743e+01
-3.690285e+00	-1.279053e+01
-3.699057e+00	-1.195245e+01
-3.707655e+00	-1.185775e+01
-3.716087e+00	-1.227854e+01
-3.724358e+00	-1.229840e+01
-3.732474e+00	-1.194478e+01
-3.740442e+00	-1.261633e+01
-3.748266e+00	-1.209389e+01
-3.755951e+00	-1.171291e+01
-3.763503e+00	-1.204209e+01
-3.770926e+00	-1.194642e+01
-3.778224e+00	-1.183403e+01
-3.785401e+00	-1.198195e+01
-3.792462e+00	-1.192912e+01
-3.799409e+00	-1.228448e+01
-3.806248e+00	-1.175706e+01
-3.812980e+00	-1.224371e+01
-3.819610e+00	-1.233801e+01
-3.826140e+00	-1.195266e+01
-3.832573e+00	-1.223410e+01
-3.838912e+00	-1.155551e+01
-3.845160e+00	-1.172646e+01
-3.851320e+00	-1.219712e+01
-3.857393e+00	-1.178396e+01
-3.863382e+00	-1.195061e+01
-3.869290e+00	-1.190978e+01
-3.875119e+00	-1.247372e+01
-3.880871e+00	-1.216325e+01
-3.886547e+00	-1.176903e+01
-3.892150e+00	-1.234617e+01
-3.897682e+00	-1.231119e+01
-3.903144e+00	-1.152082e+01
-3.908539e+00	-1.200231e+01
-3.913867e+00	-1.203598e+01
-3.919130e+00	-1.193856e+01
-3.924331e+00	-1.174571e+01
-3.929470e+00	-1.158651e+01
-3.934549e+00	-1.171944e+01
-3.939569e+00	-1.168022e+01
-3.944532e+00	-1.169360e+01
-3.949439e+00	-1.146390e+01
-3.954291e+00	-1.173761e+01
-3.959089e+00	-1.213125e+01
-3.963835e+00	-1.191798e+01
-3.968530e+00	-1.228372e+01
-3.973174e+00	-1.149233e+01
-3.977769e+00	-1.155334e+01
-3.982316e+00	-1.220524e+01
-3.986817e+00	-1.179229e+01
-3.991270e+00	-1.142795e+01
-3.995679e+00	-1.174705e+01
-4.000043e+00	-1.201085e+01
-4.004364e+00	-1.156706e+01
-4.008643e+00	-1.175459e+01
-4.012879e+00	-1.193518e+01
-4.017075e+00	-1.206957e+01
-4.021231e+00	-1.150955e+01
-4.025347e+00	-1.187610e+01
-4.029424e+00	-1.167019e+01
-4.033464e+00	-1.139577e+01
-4.037466e+00	-1.218370e+01
-4.041432e+00	-1.141254e+01
-4.045362e+00	-1.182183e+01
-4.049257e+00	-1.148380e+01
-4.053117e+00	-1.229249e+01
-4.056943e+00	-1.169971e+01
-4.060736e+00	-1.196552e+01
-4.064495e+00	-1.128484e+01
-4.068223e+00	-1.118900e+01
-4.071919e+00	-1.134750e+01
-4.075583e+00	-1.103965e+01
-4.079217e+00	-1.163484e+01
-4.082821e+00	-1.120733e+01
-4.086395e+00	-1.095036e+01
-4.089940e+00	-1.169068e+01
-4.093457e+00	-1.115995e+01
-4.096945e+00	-1.163636e+01
-4.100405e+00	-1.169708e+01
-4.103838e+00	-1.151596e+01
-4.107244e+00	-1.153269e+01
-4.110623e+00	-1.146574e+01
-4.113977e+00	-1.187699e+01
-4.117304e+00	-1.179567e+01
-4.120607e+00	-1.120663e+01
-4.123884e+00	-1.134814e+01
-4.127137e+00	-1.145459e+01
-4.130366e+00	-1.157373e+01
-4.133571e+00	-1.172050e+01
-4.136752e+00	-1.114710e+01
-4.139911e+00	-1.161797e+01
-4.143046e+00	-1.142771e+01
-4.146159e+00	-1.150570e+01
-4.149250e+00	-1.136833e+01
-4.152319e+00	-1.161970e+01
-4.155366e+00	-1.164763e+01
-4.158393e+00	-1.151526e+01
-4.161398e+00	-1.103059e+01
-4.164383e+00	-1.172678e+01
-4.167347e+00	-1.166132e+01
-4.170291e+00	-1.175816e+01
-4.173215e+00	-1.166867e+01
-4.176120e+00	-1.156815e+01
-4.179006e+00	-1.132714e+01
-4.181872e+00	-1.124199e+01
-4.184720e+00	-1.117444e+01
-4.187549e+00	-1.143716e+01
-4.190360e+00	-1.158385e+01
-4.193152e+00	-1.139383e+01
-4.195927e+00	-1.130853e+01
-4.198685e+00	-1.187019e+01
-4.201424e+00	-1.114439e+01
-4.204147e+00	-1.157360e+01
-4.206853e+00	-1.168177e+01
-4.209542e+00	-1.145357e+01
-4.212214e+00	-1.149426e+01
-4.214870e+00	-1.109818e+01
-4.217510e+00	-1.135149e+01
-4.220134e+00	-1.124238e+01
-4.222742e+00	-1.154169e+01
-4.225335e+00	-1.120870e+01
-4.227912e+00	-1.146155e+01
-4.230474e+00	-1.149067e+01
-4.233022e+00	-1.098980e+01
-4.235554e+00	-1.110037e+01
-4.238071e+00	-1.104615e+01
-4.240574e+00	-1.129596e+01
-4.243063e+00	-1.126275e+01
-4.245537e+00	-1.113521e+01
-4.247998e+00	-1.157362e+01
-4.250444e+00	-1.094142e+01
-4.252877e+00	-1.103191e+01
-4.255297e+00	-1.105633e+01
-4.257703e+00	-1.136834e+01
-4.260095e+00	-1.125145e+01
-4.262475e+00	-1.129937e+01
-4.264841e+00	-1.125641e+01
-4.267195e+00	-1.096009e+01
-4.269536e+00	-1.091366e+01
-4.271865e+00	-1.139983e+01
-4.274181e+00	-1.154700e+01
-4.276485e+00	-1.135748e+01
-4.278776e+00	-1.103129e+01
-4.281056e+00	-1.123674e+01
-4.283324e+00	-1.152172e+01
-4.285580e+00	-1.093197e+01
-4.287824e+00	-1.093120e+01
-4.290057e+00	-1.141769e+01
-4.292278e+00	-1.151164e+01
-4.294488e+00	-1.120688e+01
-4.296687e+00	-1.164013e+01
-4.298875e+00	-1.111053e+01
-4.301052e+00	-1.117281e+01
-4.303218e+00	-1.086420e+01
-4.305373e+00	-1.108261e+01
-4.307517e+00	-1.163111e+01
-4.309651e+00	-1.135493e+01
-4.311775e+00	-1.142691e+01
-4.313888e+00	-1.109453e+01
-4.315991e+00	-1.138900e+01
-4.318084e+00	-1.138574e+01
-4.320167e+00	-1.095105e+01
-4.322240e+00	-1.137509e+01
-4.324303e+00	-1.107082e+01
-4.326356e+00	-1.102541e+01
-4.328400e+00	-1.136740e+01
-4.330434e+00	-1.127955e+01
-4.332459e+00	-1.145022e+01
-4.334474e+00	-1.167833e+01
-4.336480e+00	-1.143181e+01
-4.338476e+00	-1.149589e+01
-4.340464e+00	-1.092936e+01
-4.342442e+00	-1.112064e+01
-4.344412e+00	-1.176319e+01
-4.346373e+00	-1.136751e+01
-4.348324e+00	-1.123650e+01
-4.350267e+00	-1.125380e+01
-4.352202e+00	-1.089703e+01
-4.354128e+00	-1.110539e+01
-4.356045e+00	-1.187573e+01
-4.357954e+00	-1.125665e+01
-4.359854e+00	-1.122064e+01
-4.361747e+00	-1.100407e+01
-4.363631e+00	-1.172786e+01
-4.365507e+00	-1.128647e+01
-4.367375e+00	-1.089821e+01
-4.369234e+00	-1.124194e+01
-4.371086e+00	-1.116433e+01
-4.372930e+00	-1.109397e+01
-4.374767e+00	-1.108058e+01
-4.376595e+00	-1.098253e+01
-4.378416e+00	-1.096787e+01
-4.380229e+00	-1.133718e+01
-4.382035e+00	-1.160226e+01
-4.383833e+00	-1.089639e+01
-4.385624e+00	-1.063745e+01
-4.387408e+00	-1.065843e+01
-4.389184e+00	-1.120956e+01
-4.390953e+00	-1.121260e+01
-4.392715e+00	-1.093727e+01
-4.394469e+00	-1.125944e+01
-4.396217e+00	-1.089711e+01
-4.397957e+00	-1.103781e+01
-4.399691e+00	-1.082220e+01
-4.401418e+00	-1.108759e+01
-4.403138e+00	-1.107355e+01
-4.404851e+00	-1.067119e+01
-4.406557e+00	-1.098236e+01
-4.408257e+00	-1.067891e+01
-4.409950e+00	-1.084700e+01
-4.411637e+00	-1.076308e+01
-4.413317e+00	-1.138957e+01
-4.414990e+00	-1.088095e+01
-4.416657e+00	-1.105328e+01
-4.418318e+00	-1.095411e+01
-4.419972e+00	-1.123874e+01
-4.421620e+00	-1.111797e+01
-4.423262e+00	-1.137302e+01
-4.424898e+00	-1.097081e+01
-4.426528e+00	-1.118289e+01
-4.428151e+00	-1.116585e+01
-4.429768e+00	-1.080259e+01
-4.431380e+00	-1.114265e+01
-4.432985e+00	-1.044553e+01
-4.434585e+00	-1.128351e+01
-4.436179e+00	-1.110763e+01
-4.437766e+00	-1.115341e+01
-4.439348e+00	-1.094813e+01
-4.440925e+00	-1.082656e+01
-4.442495e+00	-1.089200e+01
-4.444060e+00	-1.087146e+01
-4.445620e+00	-1.106147e+01
-4.447174e+00	-1.088880e+01
-4.448722e+00	-1.089352e+01
-4.450265e+00	-1.107305e+01
-4.451802e+00	-1.086405e+01
-4.453334e+00	-1.153660e+01
-4.454860e+00	-1.134055e+01
-4.456381e+00	-1.100737e+01
-4.457897e+00	-1.088155e+01
-4.459408e+00	-1.077692e+01
-4.460913e+00	-1.105641e+01
-4.462413e+00	-1.103017e+01
-4.463908e+00	-1.113407e+01
-4.465398e+00	-1.070879e+01
-4.466882e+00	-1.084054e+01
-4.468362e+00	-1.111111e+01
-4.469837e+00	-1.131677e+01
-4.471306e+00	-1.134522e+01
-4.472771e+00	-1.132888e+01
-4.474231e+00	-1.094504e+01
-4.475686e+00	-1.117761e+01
-4.477136e+00	-1.100130e+01
-4.478581e+00	-1.129777e+01
-4.480021e+00	-1.076151e+01
-4.481457e+00	-1.089881e+01
-4.482888e+00	-1.077372e+01
-4.484314e+00	-1.134691e+01
-4.485736e+00	-1.099181e+01
-4.487153e+00	-1.131812e+01
-4.488565e+00	-1.058312e+01
-4.489973e+00	-1.105758e+01
-4.491376e+00	-1.081933e+01
-4.492774e+00	-1.105603e+01
-4.494169e+00	-1.136855e+01
-4.495558e+00	-1.071316e+01
-4.496943e+00	-1.077215e+01
-4.498324e+00	-1.086585e+01
-4.499701e+00	-1.060250e+01
-4.501073e+00	-1.078829e+01
-4.502441e+00	-1.122221e+01
-4.503804e+00	-1.105674e+01
-4.505164e+00	-1.084750e+01
-4.506519e+00	-1.131756e+01
-4.507869e+00	-1.067085e+01
-4.509216e+00	-1.074843e+01
-4.510558e+00	-1.072854e+01
-4.511897e+00	-1.145873e+01
-4.513231e+00	-1.050398e+01
-4.514561e+00	-1.145457e+01
-4.515887e+00	-1.049936e+01
-4.517209e+00	-1.109672e+01
-4.518527e+00	-1.064901e+01
-4.519841e+00	-1.028146e+01
-4.521151e+00	-1.111418e+01
-4.522457e+00	-1.104064e+01
-4.523759e+00	-1.070480e+01
-4.525058e+00	-1.084264e+01
-4.526352e+00	-1.041131e+01
-4.527643e+00	-1.100888e+01
-4.528930e+00	-1.130202e+01
-4.530213e+00	-1.096981e+01
-4.531492e+00	-1.073427e+01
-4.532767e+00	-1.129537e+01
-4.534039e+00	-1.062049e+01
-4.535307e+00	-1.069724e+01
-4.536571e+00	-1.075813e+01
-4.537832e+00	-1.116455e+01
-4.539089e+00	-1.049235e+01
-4.540342e+00	-1.098075e+01
-4.541592e+00	-1.099804e+01
-4.542838e+00	-1.087228e+01
-4.544080e+00	-1.076380e+01
-4.545319e+00	-1.049252e+01
-4.546555e+00	-1.045727e+01
-4.547787e+00	-1.064821e+01
-4.549016e+00	-1.066371e+01
-4.550241e+00	-1.110697e+01
-4.551462e+00	-1.062279e+01
-4.552680e+00	-1.045004e+01
-4.553895e+00	-1.089256e+01
-4.555107e+00	-1.083828e+01
-4.556315e+00	-1.064070e+01
-4.557519e+00	-1.108989e+01
-4.558721e+00	-1.073097e+01
-4.559919e+00	-1.049324e+01
-4.561113e+00	-1.079291e+01
-4.562305e+00	-1.049397e+01
-4.563493e+00	-1.062684e+01
-4.564678e+00	-1.103975e+01
-4.565860e+00	-1.041016e+01
-4.567038e+00	-1.025930e+01
-4.568213e+00	-1.101954e+01
-4.569386e+00	-1.048795e+01
-4.570555e+00	-1.113246e+01
-4.571720e+00	-1.055386e+01
-4.572883e+00	-1.080586e+01
-4.574043e+00	-1.067614e+01
-4.575199e+00	-1.129433e+01
-4.576353e+00	-1.062054e+01
-4.577503e+00	-1.061127e+01
-4.578651e+00	-1.118113e+01
-4.579795e+00	-1.071343e+01
-4.580936e+00	-1.073730e+01
-4.582075e+00	-1.064242e+01
-4.583210e+00	-1.141018e+01
-4.584343e+00	-1.079571e+01
-4.585472e+00	-1.049592e+01
-4.586599e+00	-1.068232e+01
-4.587722e+00	-1.068498e+01
-4.588843e+00	-1.078267e+01
-4.589961e+00	-1.060053e+01
-4.591076e+00	-1.106555e+01
-4.592188e+00	-1.080031e+01
-4.593297e+00	-1.047953e+01
-4.594404e+00	-1.076097e+01
-4.595507e+00	-1.135729e+01
-4.596608e+00	-1.096077e+01
-4.597706e+00	-1.046027e+01
-4.598801e+00	-1.069550e+01
-4.599894e+00	-1.091381e+01
-4.600984e+00	-1.096821e+01
-4.602071e+00	-1.041886e+01
-4.603155e+00	-1.139261e+01
-4.604237e+00	-1.084572e+01
-4.605316e+00	-1.099221e+01
-4.606392e+00	-1.076625e+01
-4.607466e+00	-1.112550e+01
-4.608537e+00	-1.072035e+01
-4.609605e+00	-1.119066e+01
-4.610671e+00	-1.072456e+01
-4.611734e+00	-1.034635e+01
-4.612794e+00	-1.060160e+01
-4.613852e+00	-1.118980e+01
-4.614908e+00	-1.065267e+01
-4.615961e+00	-1.044570e+01
-4.617011e+00	-1.069249e+01
-4.618059e+00	-1.131956e+01
-4.619104e+00	-1.061698e+01
-4.620146e+00	-1.047431e+01
-4.621187e+00	-1.082623e+01
-4.622224e+00	-1.058979e+01
-4.623260e+00	-1.073148e+01
-4.624292e+00	-1.050043e+01
-4.625323e+00	-1.094301e+01
-4.626351e+00	-1.056481e+01
-4.627376e+00	-1.088612e+01
-4.628399e+00	-1.058060e+01
-4.629420e+00	-1.105372e+01
-4.630438e+00	-1.072905e+01
-4.631454e+00	-1.040900e+01
-4.632467e+00	-1.072325e+01
-4.633479e+00	-1.098587e+01
-4.634487e+00	-1.102289e+01
-4.635494e+00	-1.128778e+01
-4.636498e+00	-1.077979e+01
-4.637500e+00	-1.088221e+01
-4.638499e+00	-1.089648e+01
-4.639496e+00	-1.038935e+01
-4.640491e+00	-1.122750e+01
-4.641484e+00	-1.064348e+01
-4.642474e+00	-1.074117e+01
-4.643463e+00	-1.032309e+01
-4.644448e+00	-1.083822e+01
-4.645432e+00	-1.050613e+01
-4.646414e+00	-1.051336e+01
-4.647393e+00	-1.118015e+01
-4.648370e+00	-1.075535e+01
-4.649345e+00	-1.077539e+01
-4.650317e+00	-1.083837e+01
-4.651288e+00	-1.072420e+01
-4.652256e+00	-1.091895e+01
-4.653222e+00	-1.081298e+01
-4.654186e+00	-1.072469e+01
-4.655148e+00	-1.130263e+01
-4.656108e+00	-1.086266e+01
-4.657065e+00	-1.076150e+01
-4.658021e+00	-1.072034e+01
-4.658974e+00	-1.070803e+01
-4.659926e+00	-1.072303e+01
-4.660875e+00	-1.086196e+01
-4.661822e+00	-1.059106e+01
-4.662767e+00	-1.051082e+01
-4.663710e+00	-1.049812e+01
-4.664651e+00	-1.039056e+01
-4.665590e+00	-1.087309e+01
-4.666527e+00	-1.061421e+01
-4.667462e+00	-1.040424e+01
-4.668395e+00	-1.032848e+01
-4.669326e+00	-1.042783e+01
-4.670255e+00	-1.111690e+01
-4.671182e+00	-1.017273e+01
-4.672107e+00	-1.033364e+01
-4.673030e+00	-1.073405e+01
-4.673951e+00	-1.085311e+01
-4.674870e+00	-1.040666e+01
-4.675788e+00	-1.088330e+01
-4.676703e+00	-1.027296e+01
-4.677616e+00	-1.091289e+01
-4.678527e+00	-1.057988e+01
-4.679437e+00	-1.029369e+01
-4.680345e+00	-1.093722e+01
-4.681250e+00	-1.066826e+01
-4.682154e+00	-1.082564e+01
-4.683056e+00	-1.111510e+01
-4.683956e+00	-1.105269e+01
-4.684854e+00	-1.049784e+01
-4.685751e+00	-1.064926e+01
-4.686645e+00	-1.031659e+01
-4.687538e+00	-1.068205e+01
-4.688429e+00	-1.095844e+01
-4.689318e+00	-1.054077e+01
-4.690205e+00	-1.059990e+01
-4.691090e+00	-1.033384e+01
-4.691974e+00	-1.071020e+01
-4.692856e+00	-1.066770e+01
-4.693736e+00	-1.085615e+01
-4.694614e+00	-1.052287e+01
-4.695490e+00	-1.027485e+01
-4.696365e+00	-1.056267e+01
-4.697238e+00	-1.046836e+01
-4.698109e+00	-1.027178e+01
-4.698979e+00	-1.077332e+01
-4.699846e+00	-1.019435e+01
-4.700712e+00	-1.079380e+01
-4.701577e+00	-1.066521e+01
-4.702439e+00	-1.033206e+01
-4.703300e+00	-1.077659e+01
-4.704159e+00	-1.052538e+01
-4.705017e+00	-1.055699e+01
-4.705872e+00	-1.077063e+01
-4.706726e+00	-1.067694e+01
-4.707579e+00	-1.040868e+01
-4.708429e+00	-1.034518e+01
-4.709278e+00	-1.044428e+01
-4.710126e+00	-1.050840e+01
-4.710972e+00	-1.075511e+01
-4.711816e+00	-1.096766e+01
-4.712658e+00	-1.066894e+01
-4.713499e+00	-1.048870e+01
-4.714338e+00	-1.051241e+01
-4.715176e+00	-1.083058e+01
-4.716012e+00	-1.049622e+01
-4.716846e+00	-1.042280e+01
-4.717679e+00	-1.034534e+01
-4.718510e+00	-1.048033e+01
-4.719340e+00	-1.057505e+01
-4.720168e+00	-1.078481e+01
-4.720994e+00	-1.046996e+01
-4.721819e+00	-1.068848e+01
-4.722642e+00	-1.076050e+01
-4.723464e+00	-1.041801e+01
-4.724284e+00	-1.085392e+01
-4.725103e+00	-1.020883e+01
-4.725920e+00	-1.047622e+01
-4.726735e+00	-1.081539e+01
-4.727549e+00	-1.072109e+01
-4.728362e+00	-1.066798e+01
-4.729173e+00	-1.029362e+01
-4.729982e+00	-1.059472e+01
-4.730790e+00	-1.052199e+01
-4.731597e+00	-1.045126e+01
-4.732402e+00	-1.095589e+01
-4.733205e+00	-1.044341e+01
-4.734007e+00	-1.093712e+01
-4.734808e+00	-1.078914e+01
-4.735607e+00	-1.024136e+01
-4.736404e+00	-1.044627e+01
-4.737201e+00	-1.079321e+01
-4.737995e+00	-1.057602e+01
-4.738788e+00	-1.074839e+01
-4.739580e+00	-1.100026e+01
-4.740371e+00	-1.042110e+01
-4.741159e+00	-1.031361e+01
-4.741947e+00	-1.041570e+01
-4.742733e+00	-1.030103e+01
-4.743518e+00	-1.047937e+01
-4.744301e+00	-1.020883e+01
-4.745083e+00	-1.069793e+01
-4.745863e+00	-1.087206e+01
-4.746642e+00	-1.040002e+01
-4.747420e+00	-1.041921e+01
-4.748196e+00	-1.087469e+01
-4.748971e+00	-1.065925e+01
-4.749744e+00	-1.067428e+01
-4.750516e+00	-1.104833e+01
-4.751287e+00	-1.119601e+01
-4.752056e+00	-1.041172e+01
-4.752824e+00	-1.105987e+01
-4.753591e+00	-1.049736e+01
-4.754356e+00	-1.000786e+01
-4.755120e+00	-1.070073e+01
-4.755882e+00	-1.072802e+01
-4.756644e+00	-1.026856e+01
-4.757404e+00	-1.077900e+01
-4.758162e+00	-1.080585e+01
-4.758919e+00	-1.077998e+01
-4.759675e+00	-1.026056e+01
-4.760430e+00	-1.089750e+01
-4.761183e+00	-1.097473e+01
-4.761935e+00	-1.091404e+01
-4.762686e+00	-1.044229e+01
-4.763435e+00	-1.047646e+01
-4.764184e+00	-1.078716e+01
-4.764930e+00	-1.051156e+01
-4.765676e+00	-1.081088e+01
-4.766420e+00	-1.017764e+01
-4.767163e+00	-1.083854e+01
-4.767905e+00	-1.047100e+01
-4.768645e+00	-1.047371e+01
-4.769385e+00	-1.028544e+01
-4.770123e+00	-1.025836e+01
-4.770859e+00	-1.077540e+01
-4.771595e+00	-1.061525e+01
-4.772329e+00	-1.107102e+01
-4.773062e+00	-1.046163e+01
-4.773794e+00	-1.072216e+01
-4.774524e+00	-1.027329e+01
-4.775254e+00	-1.067681e+01
-4.775982e+00	-1.091642e+01
-4.776708e+00	-1.082197e+01
-4.777434e+00	-1.020593e+01
-4.778158e+00	-1.090763e+01
-4.778882e+00	-1.024932e+01
-4.779604e+00	-1.025519e+01
-4.780325e+00	-1.087634e+01
-4.781044e+00	-1.050280e+01
-4.781763e+00	-1.047891e+01
-4.782480e+00	-1.097534e+01
-4.783196e+00	-1.035270e+01
-4.783911e+00	-1.045338e+01
-4.784624e+00	-1.041549e+01
-4.785337e+00	-1.077710e+01
-4.786048e+00	-1.042530e+01
-4.786759e+00	-1.041026e+01
-4.787468e+00	-1.021090e+01
-4.788175e+00	-1.103868e+01
-4.788882e+00	-1.032131e+01
-4.789588e+00	-1.041686e+01
-4.790292e+00	-1.027649e+01
-4.790996e+00	-1.051228e+01
-4.791698e+00	-1.049013e+01
-4.792399e+00	-1.077599e+01
-4.793099e+00	-1.026735e+01
-4.793797e+00	-1.070382e+01
-4.794495e+00	-1.088299e+01
-4.795192e+00	-1.079720e+01
-4.795887e+00	-1.089019e+01
-4.796581e+00	-1.081285e+01
-4.797274e+00	-1.087512e+01
-4.797967e+00	-1.058565e+01
-4.798658e+00	-1.064306e+01
-4.799347e+00	-1.031167e+01
-4.800036e+00	-1.033371e+01
-4.800724e+00	-1.068216e+01
-4.801411e+00	-1.051178e+01
-4.802096e+00	-1.036228e+01
-4.802781e+00	-1.077855e+01
-4.803464e+00	-1.039735e+01
-4.804146e+00	-1.075605e+01
-4.804827e+00	-1.040900e+01
-4.805508e+00	-1.074051e+01
-4.806187e+00	-1.090951e+01
-4.806865e+00	-1.046763e+01
-4.807542e+00	-1.075337e+01
-4.808218e+00	-1.045499e+01
-4.808893e+00	-1.029287e+01
-4.809566e+00	-1.060688e+01
-4.810239e+00	-1.040567e+01
-4.810911e+00	-1.121167e+01
-4.811582e+00	-1.061669e+01
-4.812251e+00	-1.042048e+01
-4.812920e+00	-1.006414e+01
-4.813588e+00	-1.036339e+01
-4.814254e+00	-1.040761e+01
-4.814920e+00	-1.046293e+01
-4.815584e+00	-1.084032e+01
-4.816248e+00	-1.098168e+01
-4.816910e+00	-1.097658e+01
-4.817572e+00	-1.070284e+01
-4.818232e+00	-1.054513e+01
-4.818892e+00	-1.045031e+01
-4.819551e+00	-1.031348e+01
-4.820208e+00	-1.019072e+01
-4.820865e+00	-1.038030e+01
-4.821520e+00	-1.029425e+01
-4.822175e+00	-1.026603e+01
-4.822828e+00	-1.038692e+01
-4.823481e+00	-1.057101e+01
-4.824132e+00	-1.037480e+01
-4.824783e+00	-1.038643e+01
-4.825433e+00	-1.057521e+01
-4.826081e+00	-1.040121e+01
-4.826729e+00	-1.068371e+01
-4.827376e+00	-1.048228e+01
-4.828022e+00	-1.043035e+01
-4.828666e+00	-1.005186e+01
-4.829310e+00	-1.005364e+01
-4.829953e+00	-1.026419e+01
-4.830595e+00	-1.006291e+01
-4.831236e+00	-1.079511e+01
-4.831876e+00	-1.039891e+01
-4.832515e+00	-1.011792e+01
-4.833153e+00	-1.023500e+01
-4.833791e+00	-1.040223e+01
-4.834427e+00	-9.999569e+00
-4.835062e+00	-1.060726e+01
-4.835697e+00	-1.065928e+01
-4.836330e+00	-1.085858e+01
-4.836963e+00	-1.032627e+01
-4.837595e+00	-1.017550e+01
-4.838226e+00	-1.039891e+01
-4.838855e+00	-1.019379e+01
-4.839484e+00	-1.028573e+01
-4.840112e+00	-1.003367e+01
-4.840740e+00	-1.005802e+01
-4.841366e+00	-1.039714e+01
-4.841991e+00	-1.008690e+01
-4.842615e+00	-1.040648e+01
-4.843239e+00	-1.037102e+01
-4.843862e+00	-1.020174e+01
-4.844483e+00	-1.049495e+01
-4.845104e+00	-1.034562e+01
-4.845724e+00	-1.027134e+01
-4.846343e+00	-1.006000e+01
-4.846962e+00	-9.973599e+00
-4.847579e+00	-1.062028e+01
-4.848195e+00	-1.079006e+01
-4.848811e+00	-1.048046e+01
-4.849426e+00	-1.065251e+01
-4.850039e+00	-1.011865e+01
-4.850652e+00	-1.080016e+01
-4.851264e+00	-1.027248e+01
-4.851876e+00	-1.025527e+01
-4.852486e+00	-1.037713e+01
-4.853096e+00	-1.042432e+01
-4.853704e+00	-1.060281e+01
-4.854312e+00	-1.021802e+01
-4.854919e+00	-1.073190e+01
-4.855525e+00	-1.035935e+01
-4.856130e+00	-1.024321e+01
-4.856735e+00	-1.018449e+01
-4.857339e+00	-1.004170e+01
-4.857941e+00	-1.038345e+01
-4.858543e+00	-1.070392e+01
-4.859144e+00	-1.053123e+01
-4.859745e+00	-1.031802e+01
-4.860344e+00	-1.023700e+01
-4.860943e+00	-1.070256e+01
-4.861540e+00	-1.018963e+01
-4.862137e+00	-1.068536e+01
-4.862733e+00	-1.036796e+01
-4.863329e+00	-1.071393e+01
-4.863923e+00	-1.069544e+01
-4.864517e+00	-1.018217e+01
-4.865110e+00	-1.041750e+01
-4.865702e+00	-1.077161e+01
-4.866293e+00	-1.000099e+01
-4.866884e+00	-1.022230e+01
-4.867473e+00	-1.031708e+01
-4.868062e+00	-1.031004e+01
-4.868650e+00	-1.062055e+01
-4.869238e+00	-1.033903e+01
-4.869824e+00	-1.035105e+01
-4.870410e+00	-1.027680e+01
-4.870995e+00	-1.081059e+01
-4.871579e+00	-1.044611e+01
-4.872162e+00	-1.025032e+01
-4.872745e+00	-1.028999e+01
-4.873326e+00	-1.022640e+01
-4.873907e+00	-1.057497e+01
-4.874488e+00	-9.877388e+00
-4.875067e+00	-1.044999e+01
-4.875646e+00	-1.023293e+01
-4.876224e+00	-1.050429e+01
-4.876801e+00	-1.060084e+01
-4.877377e+00	-1.052536e+01
-4.877953e+00	-1.019389e+01
-4.878528e+00	-1.057174e+01
-4.879102e+00	-1.031003e+01
-4.879675e+00	-1.005727e+01
-4.880247e+00	-1.033084e+01
-4.880819e+00	-1.001693e+01
-4.881390e+00	-1.084270e+01
-4.881961e+00	-1.010968e+01
-4.882530e+00	-1.017283e+01
-4.883099e+00	-9.965141e+00
-4.883667e+00	-1.067429e+01
-4.884234e+00	-1.035957e+01
-4.884801e+00	-1.014784e+01
-4.885367e+00	-9.883777e+00
-4.885932e+00	-1.010498e+01
-4.886496e+00	-1.082214e+01
-4.887060e+00	-1.000835e+01
-4.887623e+00	-1.071930e+01
-4.888185e+00	-1.003867e+01
-4.888747e+00	-1.001159e+01
-4.889307e+00	-1.011715e+01
-4.889867e+00	-1.060098e+01
-4.890427e+00	-1.020569e+01
-4.890985e+00	-1.051201e+01
-4.891543e+00	-1.045945e+01
-4.892100e+00	-1.037253e+01
-4.892657e+00	-1.078454e+01
-4.893212e+00	-1.081303e+01
-4.893767e+00	-1.014749e+01
-4.894322e+00	-1.062167e+01
-4.894875e+00	-1.058695e+01
-4.895428e+00	-1.052327e+01
-4.895980e+00	-9.976322e+00
-4.896532e+00	-1.034220e+01
-4.897083e+00	-1.056328e+01
-4.897633e+00	-1.064950e+01
-4.898182e+00	-1.016640e+01
-4.898731e+00	-1.031013e+01
-4.899279e+00	-1.031117e+01
-4.899826e+00	-1.007751e+01
-4.900373e+00	-1.067630e+01
-4.900919e+00	-1.046317e+01
-4.901464e+00	-1.018409e+01
-4.902008e+00	-1.053053e+01
-4.902552e+00	-1.018912e+01
-4.903095e+00	-1.021525e+01
-4.903638e+00	-1.016739e+01
-4.904180e+00	-1.008312e+01
-4.904721e+00	-1.054524e+01
-4.905261e+00	-9.975612e+00
-4.905801e+00	-1.051597e+01
-4.906340e+00	-1.107648e+01
-4.906879e+00	-1.076023e+01
-4.907417e+00	-1.047672e+01
-4.907954e+00	-1.018840e+01
-4.908490e+00	-1.082994e+01
-4.909026e+00	-1.019048e+01
-4.909561e+00	-1.072525e+01
-4.910096e+00	-1.015418e+01
-4.910630e+00	-1.038522e+01
-4.911163e+00	-1.012788e+01
-4.911695e+00	-1.008243e+01
-4.912227e+00	-1.039083e+01
-4.912759e+00	-1.008084e+01
-4.913289e+00	-1.063727e+01
-4.913819e+00	-1.051564e+01
-4.914348e+00	-1.020443e+01
-4.914877e+00	-1.058740e+01
-4.915405e+00	-1.016161e+01
-4.915932e+00	-1.006865e+01
-4.916459e+00	-1.022699e+01
-4.916985e+00	-1.049493e+01
-4.917511e+00	-1.014097e+01
-4.918036e+00	-1.009188e+01
-4.918560e+00	-1.027572e+01
-4.919083e+00	-1.027643e+01
-4.919606e+00	-1.045596e+01
-4.920129e+00	-1.056019e+01
-4.920650e+00	-1.021990e+01
-4.921171e+00	-1.039100e+01
-4.921692e+00	-1.070817e+01
-4.922211e+00	-1.050920e+01
-4.922731e+00	-1.064083e+01
-4.923249e+00	-1.103027e+01
-4.923767e+00	-1.057562e+01
-4.924284e+00	-1.059649e+01
-4.924801e+00	-1.051431e+01
-4.925317e+00	-1.035828e+01
-4.925833e+00	-1.028788e+01
-4.926348e+00	-1.029462e+01
-4.926862e+00	-1.031842e+01
-4.927375e+00	-1.021572e+01
-4.927889e+00	-1.024330e+01
-4.928401e+00	-1.053067e+01
-4.928913e+00	-9.979910e+00
-4.929424e+00	-1.033383e+01
-4.929935e+00	-1.065250e+01
-4.930445e+00	-1.043443e+01
-4.930954e+00	-1.000589e+01
-4.931463e+00	-1.016756e+01
-4.931971e+00	-1.015722e+01
-4.932479e+00	-1.047295e+01
-4.932986e+00	-1.032045e+01
-4.933492e+00	-1.021709e+01
-4.933998e+00	-1.042508e+01
-4.934504e+00	-1.062630e+01
-4.935008e+00	-1.008157e+01
-4.935512e+00	-1.032753e+01
-4.936016e+00	-1.021508e+01
-4.936519e+00	-1.032508e+01
-4.937021e+00	-1.031838e+01
-4.937523e+00	-1.026141e+01
-4.938024e+00	-1.044970e+01
-4.938525e+00	-1.015323e+01
-4.939025e+00	-1.058901e+01
-4.939524e+00	-1.062071e+01
-4.940023e+00	-1.034915e+01
-4.940521e+00	-1.018117e+01
-4.941019e+00	-1.044290e+01
-4.941516e+00	-9.984077e+00
-4.942013e+00	-1.070150e+01
-4.942509e+00	-1.068854e+01
-4.943005e+00	-1.026314e+01
-4.943499e+00	-9.857359e+00
-4.943994e+00	-1.034760e+01
-4.944488e+00	-9.991600e+00
-4.944981e+00	-1.090678e+01
-4.945474e+00	-1.052938e+01
-4.945966e+00	-1.053186e+01
-4.946457e+00	-1.010774e+01
-4.946948e+00	-1.023970e+01
-4.947439e+00	-1.006576e+01
-4.947929e+00	-1.021951e+01
-4.948418e+00	-1.004495e+01
-4.948907e+00	-1.032706e+01
-4.949395e+00	-1.022295e+01
-4.949883e+00	-1.037304e+01
-4.950370e+00	-1.086781e+01
-4.950856e+00	-1.085269e+01
-4.951342e+00	-9.995636e+00
-4.951828e+00	-1.058082e+01
-4.952313e+00	-1.082559e+01
-4.952797e+00	-1.034648e+01
-4.953281e+00	-1.065384e+01
-4.953765e+00	-1.004708e+01
-4.954247e+00	-1.033745e+01
-4.954730e+00	-1.024820e+01
-4.955211e+00	-9.999282e+00
-4.955693e+00	-9.949161e+00
-4.956173e+00	-1.070167e+01
-4.956653e+00	-1.036078e+01
-4.957133e+00	-1.051666e+01
-4.957612e+00	-1.031129e+01
-4.958091e+00	-1.047947e+01
-4.958569e+00	-1.030583e+01
-4.959046e+00	-1.037498e+01
-4.959523e+00	-1.024826e+01
-4.960000e+00	-1.023179e+01
-4.960476e+00	-1.053987e+01
-4.960951e+00	-1.030531e+01
-4.961426e+00	-1.056416e+01
-4.961900e+00	-1.001795e+01
-4.962374e+00	-1.045999e+01
-4.962847e+00	-1.027976e+01
-4.963320e+00	-9.885404e+00
-4.963793e+00	-1.025408e+01
-4.964264e+00	-1.034889e+01
-4.964736e+00	-1.006935e+01
-4.965206e+00	-1.043032e+01
-4.965677e+00	-1.034633e+01
-4.966146e+00	-1.019145e+01
-4.966616e+00	-1.066533e+01
-4.967084e+00	-9.985745e+00
-4.967553e+00	-9.727403e+00
-4.968020e+00	-9.848234e+00
-4.968488e+00	-9.822961e+00
-4.968954e+00	-1.050700e+01
-4.969421e+00	-1.075693e+01
-4.969886e+00	-1.054299e+01
-4.970352e+00	-1.089123e+01
-4.970816e+00	-9.884199e+00
-4.971280e+00	-9.844639e+00
-4.971744e+00	-1.025070e+01
-4.972207e+00	-1.018386e+01
-4.972670e+00	-1.024291e+01
-4.973132e+00	-9.974832e+00
-4.973594e+00	-9.972620e+00
-4.974056e+00	-9.939896e+00
-4.974516e+00	-9.843736e+00
-4.974977e+00	-1.009197e+01
-4.975436e+00	-1.036106e+01
-4.975896e+00	-1.028210e+01
-4.976355e+00	-1.005775e+01
-4.976813e+00	-1.013022e+01
-4.977271e+00	-9.978145e+00
-4.977728e+00	-1.020987e+01
-4.978185e+00	-1.018504e+01
-4.978642e+00	-1.018023e+01
-4.979097e+00	-1.005210e+01
-4.979553e+00	-1.027115e+01
-4.980008e+00	-9.956555e+00
-4.980462e+00	-1.016998e+01
-4.980916e+00	-1.012613e+01
-4.981370e+00	-1.008267e+01
-4.981823e+00	-1.023138e+01
-4.982276e+00	-1.005078e+01
-4.982728e+00	-1.021804e+01
-4.983180e+00	-1.016470e+01
-4.983631e+00	-9.935190e+00
-4.984082e+00	-9.736173e+00
-4.984532e+00	-9.991784e+00
-4.984982e+00	-9.762238e+00
-4.985431e+00	-1.013838e+01
-4.985880e+00	-9.995902e+00
-4.986328e+00	-1.002082e+01
-4.986776e+00	-1.011360e+01
-4.987224e+00	-1.006625e+01
-4.987671e+00	-1.024033e+01
-4.988117e+00	-1.003442e+01
-4.988563e+00	-9.732625e+00
-4.989009e+00	-1.023770e+01
-4.989454e+00	-9.908651e+00
-4.989899e+00	-1.026826e+01
-4.990343e+00	-1.013093e+01
-4.990787e+00	-1.049519e+01
-4.991231e+00	-1.054213e+01
-4.991673e+00	-1.005281e+01
-4.992116e+00	-9.828218e+00
-4.992558e+00	-1.013041e+01
-4.993000e+00	-1.018686e+01
-4.993441e+00	-1.026446e+01
-4.993881e+00	-1.078656e+01
-4.994322e+00	-1.019491e+01
-4.994761e+00	-1.018421e+01
-4.995201e+00	-1.018745e+01
-4.995640e+00	-1.004330e+01
-4.996078e+00	-1.031895e+01
-4.996516e+00	-9.948053e+00
-4.996954e+00	-1.039910e+01
-4.997391e+00	-9.997810e+00
-4.997827e+00	-9.742061e+00
-4.998264e+00	-9.882849e+00
-4.998700e+00	-1.025252e+01
-4.999135e+00	-1.022904e+01
-4.999570e+00	-1.036489e+01
